NAME: atsp50_100
COMMENT:
DIMENSION: 50
EDGE_WEIGHT_TYPE: EXPLICIT
EDGE_WEIGHT_FORMAT: FULL_MATRIX
EDGE_WEIGHT_SECTION
9999 87 89 2 60 53 91 60 41 62 11 19 58 89 2 81 42 36 3 96 63 22 87 32 88 64 13 94 34 32 62 83 31 36 57 41 17 7 46 54 81 85 58 35 52 9 82 45 25 69
65 9999 36 86 52 76 82 80 29 6 43 67 25 99 49 79 24 93 88 77 94 20 76 82 40 19 13 14 17 54 36 23 82 12 84 12 64 46 98 38 77 20 46 1 61 64 43 78 83 4
28 72 9999 89 98 36 93 12 83 42 29 97 44 62 69 25 86 75 87 87 88 97 8 48 95 92 71 92 90 20 37 94 13 17 22 69 84 24 89 31 76 39 75 48 66 1 19 78 22 65
82 46 28 9999 8 41 95 72 8 28 21 69 9 84 8 16 99 63 77 41 23 1 75 32 83 33 87 48 58 24 93 37 85 6 23 39 88 88 92 13 76 41 42 55 27 30 4 84 53 16
7 97 59 38 9999 2 21 97 87 31 70 60 66 7 47 52 99 43 9 55 66 96 54 83 76 20 70 7 82 51 98 89 15 25 91 75 86 16 59 76 54 44 27 93 73 10 35 52 33 49
19 73 72 2 81 9999 59 92 5 16 2 53 76 34 92 17 16 70 55 80 73 35 21 26 88 47 50 99 100 35 62 94 70 47 22 7 35 20 11 56 86 7 9 94 34 64 78 75 43 24
21 84 71 67 29 72 9999 96 76 79 53 79 74 20 2 18 19 56 74 77 93 28 4 8 1 40 19 36 21 37 75 16 51 31 91 10 95 99 24 96 27 4 2 96 59 44 74 15 78 39
9 34 15 10 45 51 26 9999 73 96 83 85 93 27 24 3 26 27 19 90 16 48 62 17 60 11 84 68 16 2 74 65 93 15 67 49 9 12 60 45 28 4 84 57 43 35 51 2 51 77
81 1 29 81 51 89 14 62 9999 3 44 10 4 1 1 55 44 14 34 57 49 69 68 13 38 11 26 71 43 100 89 42 43 43 30 8 2 9 51 26 13 70 32 91 91 48 73 5 36 60
81 90 16 62 53 18 80 90 21 9999 2 65 79 90 34 90 69 29 79 24 80 47 86 53 95 40 40 73 22 41 21 59 77 36 60 4 7 57 7 73 64 86 51 92 53 93 84 83 18 95
89 6 66 19 56 42 1 71 74 62 9999 66 87 94 30 24 46 18 86 19 75 47 3 57 52 40 51 36 71 83 77 49 60 76 69 78 10 79 52 27 29 2 52 4 17 28 25 99 82 24
79 100 50 58 64 34 83 97 8 98 84 9999 24 86 85 58 78 99 39 88 25 36 67 77 3 61 36 37 55 78 85 64 24 89 34 48 85 42 20 95 71 26 3 61 60 4 81 35 49 21
75 78 27 66 71 30 94 19 81 67 94 21 9999 8 12 65 22 48 51 30 83 55 65 8 39 36 38 86 4 76 73 30 89 60 93 97 73 35 73 48 79 86 10 64 72 9 66 89 38 89
25 83 53 16 24 7 76 75 17 66 27 35 3 9999 65 95 64 79 9 97 65 99 44 33 20 53 78 15 32 55 39 66 19 3 86 79 28 45 75 90 79 33 18 74 58 66 42 3 45 70
99 92 85 87 65 5 27 23 1 87 75 86 11 32 9999 32 44 23 31 99 43 83 9 35 42 35 67 66 62 100 35 76 40 28 23 47 45 61 91 48 38 9 42 17 80 31 74 41 34 29
64 23 68 90 57 74 83 95 59 66 75 94 10 27 62 9999 55 66 65 65 3 87 84 20 10 81 59 78 87 62 42 50 36 26 63 42 26 13 77 5 82 52 30 76 63 43 33 90 72 87
28 50 74 84 97 22 14 59 12 75 16 53 23 5 26 11 9999 93 29 90 77 88 99 84 74 73 98 74 79 4 73 58 79 55 15 91 10 64 23 33 79 78 13 77 16 5 57 71 59 87
8 29 19 36 97 48 30 36 90 14 42 76 96 65 86 30 3 9999 87 15 75 36 55 9 54 100 100 35 50 25 2 40 34 90 74 84 100 96 3 60 18 29 2 43 18 10 45 43 57 88
18 2 72 57 74 72 93 90 97 85 42 35 94 23 25 93 12 57 9999 95 94 90 79 13 79 44 22 25 39 84 93 32 6 57 50 28 85 94 5 11 7 59 97 36 66 40 48 75 67 32
42 49 76 49 28 22 83 96 98 98 7 69 12 10 42 22 80 58 33 9999 95 25 84 6 13 25 87 14 9 83 25 63 38 26 68 4 88 55 32 5 47 21 43 30 50 57 46 48 60 71
77 40 19 71 59 90 51 3 80 33 90 98 31 99 8 80 83 15 100 53 9999 2 5 26 28 92 84 28 15 98 26 12 7 40 68 33 18 41 68 55 6 91 5 77 78 69 34 32 22 81
18 20 92 84 80 18 55 9 2 26 70 66 71 73 84 79 73 35 18 25 53 9999 92 13 59 78 18 52 45 64 38 71 40 55 59 64 51 69 51 18 7 27 49 3 62 72 26 84 3 54
54 56 74 33 90 34 73 86 44 80 97 32 24 22 15 44 95 81 91 63 7 60 9999 95 57 73 24 48 13 90 70 82 61 12 58 84 3 20 43 83 29 99 67 10 88 31 55 55 77 33
54 87 15 82 41 79 25 79 48 2 96 38 9 83 10 19 18 8 31 53 75 28 75 9999 7 82 65 72 68 96 37 16 80 85 62 56 1 51 41 8 100 49 95 16 75 92 45 52 70 18
17 67 77 51 3 70 44 88 7 2 53 16 90 40 99 87 75 30 36 69 54 74 88 76 9999 68 72 45 54 21 59 86 65 64 39 23 25 94 98 66 29 4 12 43 55 11 78 38 47 66
77 34 24 81 64 23 72 50 79 52 21 38 89 63 66 72 94 75 14 65 70 37 69 11 60 9999 22 16 34 16 99 29 41 33 11 26 91 4 53 8 29 92 18 30 38 71 75 23 8 36
19 90 32 25 88 76 52 21 73 10 74 32 19 97 31 59 88 30 19 96 15 3 72 83 66 94 9999 36 22 84 70 56 87 94 89 15 75 93 35 48 8 91 81 73 70 72 50 48 39 21
15 50 34 23 92 52 95 71 21 62 94 98 58 49 30 77 9 60 53 58 93 82 51 90 83 50 45 9999 70 92 93 8 11 4 56 36 9 9 68 85 21 46 35 8 39 81 73 33 20 2
64 62 42 2 14 75 61 91 47 58 17 7 14 66 33 75 88 41 92 19 81 36 14 96 83 11 84 25 9999 68 42 89 29 49 88 46 57 18 55 94 59 36 30 16 6 12 32 89 36 40
64 57 3 75 49 3 48 38 23 77 71 35 52 34 33 74 5 63 85 94 58 40 71 95 92 84 79 72 62 9999 96 27 74 28 72 23 41 28 14 19 78 4 71 6 81 67 58 30 87 72
59 88 66 32 42 66 16 16 9 49 90 28 87 34 29 26 30 97 67 64 73 99 17 60 21 3 84 71 19 83 9999 84 51 53 69 66 9 23 82 32 88 95 24 44 20 72 99 97 2 75
46 79 12 18 24 76 5 76 95 90 96 79 68 50 2 72 32 88 72 45 72 54 31 20 67 8 95 34 15 1 100 9999 96 31 53 31 57 3 59 65 85 98 59 66 76 41 37 90 45 66
3 23 48 74 91 84 43 31 43 25 91 99 39 55 89 9 26 37 6 20 68 49 90 67 97 35 37 44 43 42 86 77 9999 45 69 50 82 96 40 78 51 96 87 33 48 99 92 37 48 55
18 8 90 21 73 44 86 67 51 96 2 61 3 16 21 42 68 91 86 45 21 54 76 81 17 68 83 64 45 86 41 43 54 9999 15 97 8 5 75 13 72 66 3 28 89 38 26 25 88 100
5 66 31 63 100 72 40 1 83 83 62 28 44 80 79 24 16 41 27 96 73 50 99 12 37 38 21 14 29 61 95 20 88 83 9999 53 28 4 53 24 37 79 29 80 86 100 90 12 32 47
91 43 45 88 90 79 90 89 73 35 68 45 23 92 91 11 74 20 42 13 18 11 76 71 28 10 6 91 36 65 45 99 36 57 81 9999 59 47 70 63 58 15 67 22 28 2 82 77 66 79
26 68 48 49 20 71 21 72 83 12 92 20 41 93 77 56 69 20 23 38 63 86 32 10 88 95 28 12 72 58 57 5 84 80 2 91 9999 2 45 67 47 100 89 98 61 76 36 19 1 20
90 8 67 86 45 71 48 84 85 67 100 77 36 31 5 8 88 30 23 31 97 95 23 66 82 24 69 29 83 96 93 47 20 84 5 32 52 9999 35 60 59 2 71 54 100 71 65 90 99 15
33 42 4 51 83 96 66 34 96 92 67 30 94 87 90 90 81 71 61 17 62 87 47 59 23 57 23 15 85 82 63 76 14 23 51 42 92 9 9999 84 93 46 87 42 37 22 62 40 98 74
76 24 71 25 3 22 36 17 63 22 67 27 22 38 34 98 86 68 20 88 63 45 6 26 74 77 54 59 50 40 48 94 68 76 18 58 100 24 38 9999 97 45 68 2 91 91 85 28 40 87
45 30 52 73 82 89 28 32 66 28 59 21 88 56 3 71 24 72 16 56 32 67 77 93 77 93 62 50 87 16 25 20 44 33 47 44 89 60 81 1 9999 11 37 90 59 62 58 2 8 66
45 57 95 49 88 88 75 60 35 57 90 23 16 50 64 74 33 11 30 24 42 55 4 91 41 46 43 100 98 77 94 80 11 92 88 99 49 21 51 51 50 9999 32 23 84 18 51 61 25 42
50 4 38 52 53 21 12 93 41 90 81 61 35 80 94 79 20 33 98 40 40 95 51 21 44 94 70 56 89 10 9 96 75 15 70 15 70 92 65 45 65 86 9999 1 61 100 100 30 15 85
4 13 16 11 25 38 43 2 95 80 45 72 82 53 57 13 66 15 17 4 52 8 54 21 49 56 87 25 43 96 78 38 87 60 88 88 16 24 56 5 95 54 83 9999 36 93 31 68 50 55
21 62 50 65 85 14 76 30 2 92 27 76 88 13 73 70 9 84 34 88 7 100 77 63 55 86 40 85 47 9 64 7 85 17 51 21 57 34 98 38 78 9 11 24 9999 45 90 40 19 50
31 50 11 81 79 8 53 11 77 89 55 20 51 70 43 97 49 79 93 51 58 83 45 33 34 22 4 85 67 37 48 72 70 97 2 33 100 9 93 94 78 92 13 64 12 9999 59 31 76 92
14 82 41 80 81 81 64 9 31 98 59 99 70 7 7 97 69 67 100 42 28 5 84 32 90 23 84 79 63 37 23 5 5 59 69 8 82 69 56 72 37 49 57 10 9 60 9999 12 88 56
57 22 40 58 58 98 7 16 62 12 80 57 34 95 31 24 34 3 90 18 87 80 75 26 34 34 19 97 56 54 95 53 79 52 86 86 72 57 54 87 37 34 50 87 8 56 26 9999 1 90
90 97 57 36 96 27 100 33 72 30 59 2 83 61 10 41 10 32 89 4 100 54 12 90 93 61 2 32 25 75 32 75 83 26 77 39 65 83 64 78 88 4 29 31 94 42 40 92 9999 17
54 7 93 78 86 94 88 97 7 80 87 78 92 59 12 4 95 88 9 73 60 15 35 74 11 6 71 24 33 86 80 36 83 21 74 40 92 2 71 54 38 10 63 43 33 19 62 74 100 9999
