NAME: atsp70_55
COMMENT:
DIMENSION: 70
EDGE_WEIGHT_TYPE: EXPLICIT
EDGE_WEIGHT_FORMAT: FULL_MATRIX
EDGE_WEIGHT_SECTION
9999 5 7 7 4 46 43 55 16 47 18 8 37 55 4 47 25 25 11 41 35 42 41 15 10 4 10 3 18 34 16 45 33 54 28 13 2 32 18 51 2 21 48 18 24 31 12 15 42 4 27 20 12 8 43 4 46 19 52 13 19 2 52 5 18 13 51 2 17 19
25 9999 16 35 36 11 42 32 53 45 2 35 22 13 16 9 32 25 52 38 46 26 23 11 3 48 9 9 46 5 21 36 11 48 21 11 3 5 40 18 21 46 28 27 46 35 38 42 18 55 26 37 43 28 11 15 46 27 46 2 22 20 7 52 3 16 29 17 38 21
21 33 9999 39 17 48 22 54 3 3 38 12 31 10 19 48 44 52 19 43 22 24 23 34 7 38 43 4 10 54 36 38 26 51 26 52 7 15 25 5 44 48 10 2 17 11 39 29 34 52 48 28 20 7 38 36 49 23 54 27 34 28 29 7 36 2 38 26 47 42
15 21 54 9999 55 13 49 4 23 6 45 48 47 55 14 28 16 52 54 20 55 33 15 28 26 43 31 32 36 47 45 29 9 5 23 49 29 34 34 37 42 15 18 51 15 24 54 29 50 37 48 11 30 11 52 12 25 37 43 4 30 26 53 39 38 55 48 51 46 39
12 51 48 27 9999 10 42 20 26 37 39 38 12 15 22 36 22 37 7 54 28 18 50 29 44 11 19 28 9 19 4 55 39 25 7 38 35 50 2 12 44 52 4 18 20 41 30 45 31 32 15 27 33 9 22 41 21 7 13 6 33 19 34 34 51 23 9 41 40 46
29 2 36 8 32 9999 36 43 18 7 12 34 36 39 3 27 17 51 50 42 55 9 45 27 38 37 22 15 45 33 18 27 34 50 49 4 51 21 24 41 51 25 19 3 51 28 50 8 3 53 48 38 34 11 52 23 21 22 39 15 7 55 51 28 10 54 45 19 26 18
54 49 35 38 9 37 9999 24 52 43 8 13 22 35 21 20 55 52 23 7 29 40 11 40 14 25 9 31 38 9 45 40 34 24 13 55 5 21 22 53 15 4 42 41 22 46 54 11 9 21 55 25 14 49 45 2 21 38 34 46 13 51 7 36 4 17 40 50 19 9
38 41 49 5 38 27 25 9999 55 14 46 6 42 27 8 7 3 2 30 35 30 4 52 34 19 13 29 37 3 8 40 17 44 31 46 27 43 32 31 19 23 8 28 50 39 26 13 41 55 45 11 3 47 39 36 17 24 9 28 54 40 17 15 11 43 33 46 2 2 29
47 42 47 27 33 53 4 9 9999 42 4 27 44 15 40 45 8 54 18 12 53 8 24 45 10 53 28 23 37 50 15 11 10 36 9 41 48 12 7 13 5 36 38 41 25 6 29 6 3 18 35 15 48 32 38 37 42 47 47 10 29 53 44 9 10 52 3 3 28 30
29 47 37 48 45 20 54 23 46 9999 33 36 15 52 54 45 7 5 32 2 11 45 47 25 26 55 26 13 13 35 26 46 14 7 47 3 30 30 34 3 8 18 25 52 49 23 24 3 48 34 19 51 25 15 10 37 13 12 36 52 3 22 12 12 4 27 22 51 41 9
12 32 35 6 46 5 7 3 25 31 9999 3 8 35 36 11 2 49 30 30 38 34 44 30 28 45 24 52 27 7 26 39 33 18 13 3 31 33 47 36 38 22 43 16 37 5 6 41 35 42 3 24 10 9 55 21 45 29 32 22 7 18 10 52 41 24 3 6 6 4
33 38 45 42 17 55 21 53 55 52 16 9999 19 32 46 47 50 47 47 53 43 48 18 25 50 12 24 19 13 35 11 39 45 16 10 32 5 28 49 8 48 33 28 39 25 12 47 41 12 6 13 17 55 19 5 8 21 9 54 51 16 42 49 16 24 47 31 6 3 43
33 26 12 42 54 38 8 28 13 29 52 53 9999 21 27 38 48 46 11 41 23 33 16 13 23 29 10 38 26 44 47 40 37 9 53 37 29 23 27 20 31 52 30 51 47 2 6 55 31 42 16 16 30 27 30 5 47 45 7 7 45 53 30 31 8 6 27 14 14 40
50 13 17 10 6 41 5 15 42 9 51 7 12 9999 50 49 24 21 18 18 48 44 33 51 34 48 36 26 38 22 20 4 31 7 17 14 29 15 13 12 22 16 39 18 18 16 53 50 8 16 37 24 51 18 8 8 21 44 34 42 36 27 22 38 26 32 14 23 8 48
27 20 12 53 42 29 47 24 49 20 51 24 37 46 9999 2 36 24 9 32 3 51 42 47 50 36 55 37 54 17 11 53 36 5 27 18 9 25 29 15 3 15 5 43 23 46 16 32 9 6 5 28 36 52 49 21 31 42 13 34 51 51 29 41 47 40 52 3 3 49
30 18 55 26 47 16 53 53 47 46 47 9 8 46 7 9999 10 46 23 54 44 25 13 23 15 3 38 23 6 17 28 36 52 52 19 53 34 21 3 40 25 53 23 18 49 43 27 43 43 44 18 12 4 22 48 54 35 53 31 55 13 54 24 5 48 33 44 16 55 3
46 52 34 31 40 8 12 29 50 43 36 32 31 19 8 27 9999 45 16 22 24 18 9 17 55 7 41 15 43 29 15 48 54 28 2 40 41 50 2 3 10 19 51 55 2 26 33 32 48 24 13 32 52 45 37 24 31 55 19 20 34 5 9 4 29 25 32 25 12 12
34 15 38 24 36 8 43 13 49 40 43 35 15 24 26 11 21 9999 46 8 8 44 41 5 50 44 12 28 51 14 38 41 22 48 40 39 29 17 49 47 21 45 5 6 36 35 36 12 55 39 36 44 17 42 51 4 43 39 31 12 2 25 45 12 11 30 52 10 27 38
6 10 4 13 14 19 9 39 28 21 53 42 10 27 4 39 5 31 9999 14 43 5 27 12 8 30 48 12 31 21 19 7 9 40 37 13 4 44 25 25 6 30 18 22 29 6 13 16 27 36 38 8 44 48 55 44 40 3 17 26 5 34 48 4 37 48 11 42 16 48
22 53 54 38 25 24 20 2 38 31 17 23 14 12 39 49 13 44 39 9999 18 19 37 40 52 30 2 39 8 42 5 35 49 15 18 37 55 45 10 21 35 40 3 16 36 37 29 4 27 35 22 14 22 12 26 3 42 48 46 4 28 53 4 11 42 55 51 10 35 44
44 49 44 48 55 15 19 7 15 17 16 48 51 3 16 35 40 2 15 52 9999 39 26 8 43 43 42 14 45 24 40 7 14 30 22 16 34 55 28 9 11 55 14 31 5 51 46 43 31 51 51 35 54 19 48 16 43 52 36 5 48 30 38 6 29 50 20 32 44 6
37 32 6 34 17 41 34 27 17 36 17 4 41 50 4 9 24 18 13 33 39 9999 30 55 47 49 28 48 52 35 13 37 28 18 21 14 48 51 55 50 4 38 45 45 29 41 26 24 40 52 25 28 27 40 34 17 23 7 36 35 10 25 41 53 18 50 34 7 22 54
52 19 49 17 15 44 29 4 41 23 42 27 42 10 6 40 3 13 44 47 21 52 9999 33 31 22 8 51 37 27 29 31 53 49 35 2 42 11 9 38 45 20 2 11 19 23 2 5 9 20 27 42 23 49 5 17 2 15 12 52 35 17 52 7 22 16 10 49 6 52
25 47 18 9 3 41 45 7 13 3 35 31 41 43 2 10 46 31 2 17 52 30 8 9999 19 31 41 18 46 50 11 19 45 7 35 53 47 55 6 10 34 29 43 18 24 2 31 54 7 4 54 44 21 18 16 30 9 26 26 28 52 47 20 44 38 14 37 37 16 4
12 16 34 53 8 47 7 30 33 46 24 19 52 30 11 31 43 12 43 9 19 32 30 38 9999 19 19 12 37 14 10 45 32 38 45 39 36 6 33 39 3 46 23 42 12 2 45 13 32 22 40 9 16 42 41 35 40 52 15 29 49 17 6 54 37 43 16 19 42 35
35 6 7 43 50 15 51 39 54 33 17 29 33 25 15 15 26 27 9 9 19 37 50 4 3 9999 45 9 39 51 18 30 43 35 11 27 5 30 49 41 49 30 15 6 26 31 36 44 8 38 9 51 33 26 3 28 36 53 48 14 2 33 39 27 38 17 51 50 17 33
4 18 36 31 36 14 14 21 24 3 3 2 26 31 8 13 19 48 33 37 26 45 3 53 11 44 9999 53 39 9 34 11 47 35 54 4 39 26 3 9 15 32 36 28 4 4 34 42 24 29 42 4 8 53 15 38 53 40 55 6 44 16 41 39 11 50 38 36 30 41
54 5 41 22 49 4 50 50 21 55 55 51 30 24 53 44 25 49 22 36 46 46 4 54 43 8 15 9999 12 45 55 11 45 36 16 37 36 53 37 55 25 3 10 28 53 14 52 16 48 28 23 52 8 52 26 2 24 19 30 50 21 21 49 46 29 38 27 54 42 49
23 33 8 36 3 50 40 27 16 41 45 7 45 3 6 39 8 51 14 35 25 17 20 48 24 45 34 48 9999 4 11 5 11 19 27 26 51 51 22 8 9 32 54 41 18 25 11 35 38 20 19 32 52 54 8 27 42 7 48 17 23 23 7 21 37 49 30 20 55 18
9 31 3 48 28 34 21 33 38 12 39 33 48 32 51 40 45 7 30 45 24 2 2 37 55 43 6 4 21 9999 25 52 40 25 46 13 32 55 31 17 52 2 40 38 13 6 46 4 54 33 38 43 36 33 53 39 15 20 37 23 3 7 4 49 53 9 26 39 45 4
46 34 45 28 32 53 20 29 7 42 36 4 35 5 4 27 27 4 23 26 53 55 23 38 39 41 21 50 16 24 9999 42 23 3 6 30 35 18 54 47 26 10 44 4 36 4 37 33 8 38 42 22 14 31 5 19 19 42 11 23 43 51 10 48 39 50 37 51 2 30
24 20 26 30 2 35 52 32 11 55 34 7 21 25 10 51 33 50 38 30 42 40 24 47 23 14 39 11 39 27 7 9999 54 8 45 28 38 7 7 12 18 29 28 34 51 49 50 36 12 12 13 21 5 36 23 31 33 34 27 40 46 31 39 52 47 32 42 47 30 12
29 6 50 3 13 20 9 40 23 52 48 40 9 37 18 25 16 47 22 41 17 23 41 14 21 44 25 9 36 40 10 5 9999 45 52 8 43 28 50 3 36 37 55 4 15 19 54 39 46 22 47 35 53 16 54 11 53 50 43 52 18 46 12 12 19 23 49 49 18 30
26 9 11 12 20 48 42 50 17 31 42 11 13 39 8 49 25 4 32 44 49 18 50 8 4 40 42 15 34 37 11 26 55 9999 41 39 44 3 27 55 7 48 52 36 45 39 18 27 3 24 44 9 14 7 13 4 5 37 14 45 35 26 34 14 42 31 21 29 14 3
27 14 19 29 52 12 26 32 13 51 5 42 16 15 3 18 47 30 26 36 37 14 26 5 21 17 32 36 36 8 23 10 37 20 9999 30 52 27 43 21 10 33 43 9 14 13 8 7 36 51 5 4 34 16 4 51 44 5 26 20 55 28 12 39 9 27 25 42 21 48
21 40 53 39 42 40 39 27 22 13 14 25 37 33 12 3 12 50 42 37 44 19 30 15 4 26 14 12 36 2 15 28 45 26 46 9999 32 51 2 31 54 11 27 43 15 35 35 14 46 34 38 17 53 49 28 20 6 4 9 15 30 30 25 2 23 47 15 55 46 31
17 53 25 16 8 32 29 26 23 52 6 28 21 28 23 42 25 38 36 45 2 31 9 17 24 12 16 13 29 47 12 35 4 16 9 13 9999 18 20 36 49 25 53 20 33 14 20 33 32 33 13 30 4 10 10 3 9 2 13 27 45 42 6 22 23 47 30 18 7 7
51 32 14 42 30 9 18 28 20 5 21 24 37 42 26 52 36 20 38 8 5 36 53 30 41 7 27 15 26 30 54 39 13 43 45 51 4 9999 2 49 5 18 4 14 44 45 35 41 28 36 3 49 36 8 41 12 2 25 47 50 18 35 36 46 45 54 47 4 8 15
9 55 45 33 7 39 47 5 55 34 30 25 14 26 44 38 25 14 31 5 2 18 6 52 33 6 40 9 7 50 52 55 55 35 13 48 45 34 9999 36 15 3 53 46 10 25 22 8 32 18 4 54 32 19 44 14 55 39 40 37 34 37 6 20 10 55 29 36 21 49
51 24 33 54 43 7 17 13 28 41 30 24 55 39 17 48 18 20 52 40 28 39 2 29 39 24 17 52 37 6 54 54 51 35 46 10 21 41 42 9999 45 7 35 55 17 54 32 18 24 49 8 44 42 34 30 10 4 41 2 27 45 45 46 9 54 28 12 3 42 15
25 21 52 35 31 19 35 55 36 22 54 8 51 25 28 12 54 25 27 14 38 49 44 19 24 31 53 38 6 2 51 19 26 48 18 9 39 44 35 39 9999 19 49 38 44 23 47 8 6 45 24 50 17 10 18 33 38 27 53 21 46 19 2 55 7 12 30 5 38 43
9 50 13 42 31 7 38 50 50 45 17 18 42 6 14 10 14 42 20 29 23 18 13 6 20 4 51 46 30 44 21 31 3 54 49 2 22 23 49 38 39 9999 38 20 5 8 46 5 47 35 31 37 39 20 27 10 51 2 48 31 10 20 9 22 38 7 4 36 54 14
37 27 53 11 39 53 4 44 45 22 44 34 2 29 9 12 7 27 41 13 54 43 16 9 20 50 41 42 50 31 2 17 9 7 41 50 24 5 52 31 30 2 9999 23 29 28 29 11 4 21 33 27 45 31 47 27 29 31 35 51 18 7 25 24 49 49 7 24 12 5
35 18 26 43 10 4 49 12 8 7 13 45 44 12 14 34 16 16 19 18 2 39 45 12 54 39 31 36 51 6 36 8 31 36 46 23 26 5 12 8 13 14 29 9999 51 3 16 25 55 3 11 20 49 7 22 37 30 11 44 24 7 21 2 25 7 18 9 46 28 39
24 22 49 29 45 16 24 11 34 48 17 8 8 51 44 9 49 42 21 9 24 46 24 55 33 31 39 20 35 26 3 26 17 10 19 29 20 4 10 24 12 31 44 21 9999 7 25 45 49 44 44 45 8 17 35 50 39 45 29 31 14 37 30 49 42 11 38 36 44 24
11 22 9 39 17 36 2 8 10 49 37 55 33 55 32 20 7 54 5 35 5 15 4 47 5 28 34 5 26 42 35 50 2 21 20 41 5 35 34 8 15 23 23 18 23 9999 36 53 17 47 10 39 28 52 15 16 21 51 4 21 35 38 7 14 3 7 36 6 2 23
12 35 15 34 48 51 30 45 9 41 31 23 10 55 23 6 16 21 31 34 21 29 7 24 5 6 14 21 31 5 4 51 19 51 11 39 4 49 46 36 53 29 51 3 8 49 9999 24 32 37 21 43 20 43 11 33 23 12 14 21 55 33 5 35 20 54 47 29 4 14
12 24 43 42 34 14 21 13 21 19 26 39 29 51 13 28 36 2 33 12 40 42 47 39 46 22 12 25 3 29 47 4 48 23 55 54 2 14 47 24 43 24 13 35 18 7 6 9999 27 55 3 47 18 5 26 31 37 3 40 29 25 10 33 44 20 31 8 7 29 45
43 9 54 50 25 19 47 11 18 25 25 49 22 7 12 46 10 45 42 51 49 10 7 47 34 52 5 18 27 55 31 45 47 51 55 29 47 15 12 32 13 45 45 14 46 38 6 15 9999 42 49 17 40 41 27 10 20 42 30 44 8 21 10 28 32 47 32 33 42 36
51 9 34 35 30 26 10 23 6 40 24 24 21 44 9 5 31 49 29 51 4 35 54 17 52 5 29 55 13 27 20 10 16 15 18 22 40 37 2 41 15 13 20 29 52 50 50 52 43 9999 45 21 55 51 24 17 25 53 26 51 22 34 26 3 33 38 13 9 23 42
35 55 27 11 20 28 27 45 31 41 32 17 10 7 50 44 52 9 6 31 39 12 3 38 7 16 50 16 19 50 14 50 26 23 4 44 27 34 15 27 8 45 3 19 15 38 6 35 21 41 9999 29 20 10 45 42 10 52 16 41 23 28 14 55 31 35 30 22 26 44
31 27 49 8 42 26 8 9 36 18 31 11 28 44 16 13 23 49 35 18 13 47 11 12 10 12 16 52 18 17 26 27 29 26 26 40 39 52 12 22 8 24 3 48 32 46 35 16 52 11 29 9999 28 41 48 38 41 13 44 23 53 35 14 15 2 8 49 20 17 43
20 37 21 44 20 31 4 51 19 8 18 47 28 16 33 49 35 25 16 55 39 54 5 10 31 47 7 52 51 32 44 50 3 13 33 20 13 49 18 12 23 42 39 44 30 15 24 25 35 14 37 33 9999 19 25 48 10 20 31 13 19 25 54 37 32 33 39 19 26 20
27 11 19 37 21 30 25 6 22 11 25 46 31 44 14 16 25 12 9 47 13 5 32 49 28 10 3 45 11 40 5 11 47 45 23 38 2 29 53 2 41 12 41 9 12 15 12 49 29 33 7 50 16 9999 2 5 33 43 30 5 39 6 55 37 54 6 47 21 54 19
4 8 31 28 10 26 41 32 52 5 41 13 43 24 18 42 53 39 17 25 48 29 31 10 5 47 45 4 18 51 34 11 22 36 4 32 24 42 43 39 37 49 51 42 7 55 55 10 45 35 14 55 45 37 9999 30 50 55 55 55 31 29 13 26 26 11 45 30 47 22
50 39 13 33 23 47 4 52 49 12 48 25 44 37 9 22 4 5 53 51 6 4 24 46 27 41 12 11 5 4 27 36 24 34 23 4 15 35 15 42 4 29 19 45 8 38 42 40 35 12 24 11 53 22 51 9999 16 34 42 25 12 21 40 41 9 17 42 53 13 39
39 47 36 44 42 30 42 51 25 17 39 17 27 16 46 54 18 12 33 47 6 48 35 30 22 21 25 26 45 42 14 55 20 43 30 36 53 54 54 26 19 55 46 37 51 18 27 21 55 54 42 29 16 48 45 43 9999 34 6 19 29 9 13 26 6 31 51 52 31 26
52 15 48 35 13 8 26 7 25 14 45 10 39 39 42 8 18 28 7 45 20 30 19 48 13 52 12 13 37 48 6 33 48 48 3 24 13 37 46 27 14 46 49 52 53 24 4 30 45 49 46 35 43 30 19 42 5 9999 24 10 39 16 51 21 26 11 40 4 4 47
33 45 50 33 8 27 31 10 21 37 5 3 20 54 17 10 8 23 20 16 10 34 31 20 3 16 35 6 12 19 9 27 8 32 10 2 16 28 21 20 46 51 32 19 54 25 37 16 11 55 43 33 29 35 20 10 34 53 9999 53 38 31 45 32 33 10 40 32 6 37
15 25 50 39 9 20 38 43 55 53 50 38 17 20 9 18 40 9 43 45 31 40 7 18 51 16 10 39 10 6 31 28 47 36 27 39 39 12 51 53 39 28 50 47 15 34 5 28 5 44 33 27 28 8 28 18 18 55 51 9999 48 10 27 9 20 51 14 3 45 51
35 10 55 25 33 23 52 7 23 44 17 6 15 34 18 29 16 30 14 34 12 30 7 14 34 16 6 51 22 18 26 9 52 3 35 8 29 27 54 24 36 55 14 18 2 47 22 41 17 24 36 47 4 49 21 3 8 12 50 23 9999 12 47 54 38 9 53 51 33 36
50 36 25 26 14 20 46 7 35 18 39 3 37 53 19 5 9 39 40 41 38 33 46 42 33 28 33 14 43 25 51 48 53 35 35 52 4 19 37 48 24 7 16 18 29 49 22 26 53 32 37 55 37 53 47 17 50 11 39 55 27 9999 26 47 45 8 6 55 48 47
33 4 27 12 46 50 47 43 47 22 29 27 41 49 20 55 50 17 42 27 48 17 47 25 7 15 18 51 4 53 9 3 17 43 41 18 46 35 20 31 54 24 37 41 54 33 52 8 22 8 48 42 10 44 55 18 49 34 32 10 16 5 9999 42 36 36 8 50 32 40
41 41 46 2 4 3 19 52 54 20 28 4 54 43 7 40 39 13 26 52 31 29 17 27 37 52 25 7 12 24 54 39 18 21 44 54 20 48 42 23 30 7 23 28 23 22 49 45 21 40 10 48 16 25 21 39 2 35 43 35 42 12 41 9999 51 29 39 16 52 21
54 24 15 32 3 16 7 27 30 32 39 3 33 53 24 13 31 9 36 36 32 48 53 42 38 6 43 33 32 25 46 41 27 15 18 3 8 46 20 29 38 21 12 11 55 17 52 11 17 53 26 20 23 52 9 44 46 39 31 47 22 47 42 15 9999 23 45 21 34 52
49 17 24 39 25 51 47 55 43 7 30 17 16 55 5 41 8 3 3 26 3 47 44 50 15 45 15 52 54 51 42 45 36 38 18 8 51 53 19 22 41 18 13 30 7 50 34 44 8 52 48 52 27 24 26 30 16 43 29 27 50 32 23 52 40 9999 51 16 18 19
35 38 15 16 13 25 19 31 5 35 22 41 3 38 24 29 34 23 12 25 38 38 14 54 5 17 39 44 52 39 7 5 19 19 55 29 22 36 3 3 35 8 40 51 46 25 44 46 17 5 7 4 41 20 41 8 29 55 28 10 42 49 11 45 54 51 9999 41 27 50
18 31 17 6 20 3 53 7 23 53 11 20 21 14 34 24 34 10 31 34 51 16 27 44 44 2 3 23 51 32 38 49 43 16 54 23 12 28 21 12 51 51 22 21 18 37 33 17 45 43 22 48 15 39 23 4 33 26 51 15 27 55 17 21 37 17 19 9999 22 5
49 51 44 34 46 6 38 50 47 35 10 50 30 44 24 40 48 37 44 29 52 24 49 43 3 15 50 10 52 4 2 19 15 35 54 23 35 52 40 15 35 44 29 42 42 51 51 41 9 41 18 23 14 27 55 49 14 37 18 8 37 37 24 16 23 27 28 38 9999 36
13 30 48 52 14 47 3 54 38 28 33 19 37 19 52 45 21 33 49 31 14 52 8 6 8 40 15 54 36 14 27 55 34 41 23 35 38 55 16 45 53 9 15 32 18 52 31 8 40 33 12 44 15 29 24 43 8 37 55 26 4 7 18 13 43 43 20 41 22 9999
