NAME: atsp80_100
COMMENT:
DIMENSION: 80
EDGE_WEIGHT_TYPE: EXPLICIT
EDGE_WEIGHT_FORMAT: FULL_MATRIX
EDGE_WEIGHT_SECTION
9999 92 40 76 98 83 90 82 86 98 87 32 52 21 58 12 86 37 62 65 50 66 28 43 24 82 77 53 97 71 100 19 77 39 38 43 38 69 49 20 61 17 85 31 56 86 97 91 48 64 92 83 29 60 98 15 25 32 69 83 99 92 73 39 99 98 94 60 36 79 18 55 83 10 47 93 35 22 55 61
29 9999 60 9 93 74 17 84 37 16 22 58 16 69 10 49 72 41 28 10 45 52 29 9 90 64 100 64 80 22 30 38 9 83 65 17 98 49 84 77 65 97 37 26 44 47 64 55 72 80 96 21 17 58 78 90 25 39 77 95 55 34 40 65 32 12 69 28 78 69 79 26 52 45 84 40 81 9 37 32
48 97 9999 76 24 17 24 62 70 81 99 13 60 71 12 33 95 78 42 45 41 55 31 69 84 95 91 66 51 9 87 66 55 62 87 98 58 34 83 25 26 9 44 73 84 97 16 96 83 27 22 18 33 22 27 88 94 74 65 42 20 63 21 45 94 97 83 48 12 68 93 80 27 66 84 24 20 22 59 39
76 90 82 9999 96 81 52 69 32 99 69 20 62 99 18 39 56 65 9 16 28 91 31 84 97 95 97 29 48 92 98 33 66 73 70 45 88 62 73 10 65 18 25 11 29 30 16 75 81 48 70 9 57 54 75 27 91 60 60 66 33 45 84 13 9 31 70 46 15 81 69 70 64 57 10 42 36 74 53 41
77 57 16 16 9999 80 49 25 17 19 73 100 32 59 82 61 59 64 66 37 51 88 83 52 49 47 87 95 75 61 90 63 67 18 65 71 94 87 58 71 23 46 38 39 36 16 62 30 94 38 22 82 37 84 28 74 16 63 46 40 22 55 81 92 84 27 22 61 73 35 91 60 90 76 36 48 56 70 99 80
53 33 64 63 32 9999 30 21 30 52 51 13 70 55 29 55 18 52 25 74 29 68 55 67 97 84 48 68 72 89 90 23 43 25 27 99 28 94 38 97 50 71 63 20 12 67 63 51 19 94 76 33 18 49 35 97 15 42 32 12 96 31 51 99 76 10 39 93 61 88 18 50 29 71 43 88 35 29 47 71
42 44 51 10 91 31 9999 11 54 34 42 45 56 87 79 41 62 72 93 25 49 82 42 36 26 16 64 89 53 31 84 69 51 25 17 93 16 32 100 66 78 11 75 12 90 19 57 73 24 57 84 94 10 13 23 87 75 93 47 18 96 17 16 46 23 48 85 41 52 18 85 29 45 33 84 37 69 91 35 82
100 51 29 41 92 28 78 9999 36 48 97 11 19 91 84 43 22 42 70 29 17 76 44 44 17 55 95 45 89 77 79 37 48 90 38 24 36 68 46 44 14 92 78 14 94 55 85 67 24 63 76 82 32 96 37 82 58 38 72 47 14 70 21 50 68 42 77 41 74 13 61 30 28 59 80 57 80 37 65 43
80 23 57 41 74 61 43 94 9999 14 11 90 31 83 87 15 60 9 19 66 47 13 30 24 25 29 12 31 61 16 36 10 45 85 39 51 85 88 77 24 21 75 73 50 28 44 50 57 58 59 56 99 98 64 79 57 96 32 39 99 35 98 50 37 99 63 75 29 29 99 10 61 96 53 46 76 87 64 65 96
47 97 13 53 90 68 58 73 90 9999 99 81 9 47 98 9 26 47 85 9 84 26 88 47 74 31 62 95 53 53 40 77 98 75 17 28 42 41 25 25 43 52 93 63 12 79 13 26 29 48 78 26 39 30 65 69 17 32 94 29 63 94 26 23 60 26 89 89 42 39 79 91 26 64 18 80 66 17 23 84
46 17 86 61 76 37 46 92 20 80 9999 90 64 68 37 81 52 87 27 16 79 73 73 80 28 10 37 40 97 21 65 99 10 80 89 38 93 11 84 39 63 10 59 32 82 96 74 71 55 80 74 13 70 33 18 87 19 20 52 43 11 16 54 80 94 86 17 22 31 90 82 85 26 28 84 96 45 69 51 18
66 89 41 84 54 30 75 31 90 36 99 9999 71 67 99 75 57 9 34 90 81 35 58 30 16 11 29 50 51 47 21 14 88 87 43 78 56 64 41 37 47 36 78 19 25 78 76 90 19 98 78 70 74 46 65 13 56 93 17 94 77 33 37 71 87 37 89 53 100 65 68 10 20 26 42 71 12 67 67 11
32 76 79 53 91 91 52 17 43 47 73 76 9999 48 96 51 91 43 53 86 76 81 82 73 62 80 64 35 51 41 79 96 52 62 11 58 35 99 89 22 75 45 83 70 95 55 37 89 38 79 97 62 38 72 58 59 13 25 77 63 99 18 98 48 12 26 39 11 76 52 77 93 79 22 12 55 41 14 34 17
94 40 23 68 46 89 44 51 72 56 37 34 98 9999 52 64 14 96 22 77 59 48 52 82 25 83 95 42 93 69 70 92 36 35 73 74 17 82 50 91 59 91 85 75 72 43 34 93 13 65 92 65 53 62 52 61 62 74 71 68 42 49 62 98 84 37 92 74 70 61 11 83 46 63 41 23 35 49 92 77
71 80 57 70 78 46 77 60 40 75 59 13 93 47 9999 24 9 16 17 25 37 20 87 35 79 68 9 15 9 32 43 66 69 71 63 33 54 92 95 67 79 90 100 23 38 43 93 16 40 42 81 92 37 20 98 49 39 72 14 59 75 41 32 61 59 63 46 83 69 78 34 66 58 48 91 44 59 23 70 47
54 20 39 73 20 25 81 91 24 20 21 89 17 86 53 9999 46 32 18 27 9 52 17 50 12 22 82 89 50 76 23 69 43 65 94 53 18 98 78 43 96 52 43 78 52 93 64 16 90 31 62 81 70 27 47 27 68 65 44 44 16 56 81 42 92 73 9 86 93 49 62 51 94 50 11 76 91 30 69 99
38 19 81 58 62 94 73 42 94 14 97 99 20 17 85 76 9999 60 94 100 14 32 87 20 57 25 59 16 89 26 30 25 31 18 77 99 9 60 73 17 88 75 86 46 18 16 40 27 14 73 77 77 72 36 75 29 68 74 51 36 94 13 34 98 25 57 95 51 64 12 41 81 91 64 95 84 13 51 78 64
100 72 13 56 30 17 67 99 94 81 23 46 60 79 76 84 45 9999 30 54 80 39 13 53 52 94 10 69 14 42 82 34 67 97 23 93 17 58 21 55 73 57 83 99 29 47 99 24 52 35 14 86 58 59 14 81 20 35 30 99 67 95 96 84 95 26 25 11 41 29 80 37 22 40 24 67 87 72 81 31
19 71 56 62 80 24 98 21 68 82 95 35 82 33 58 43 9 14 9999 93 14 62 80 91 43 20 33 55 11 49 66 43 40 29 67 64 20 26 21 50 56 63 65 90 17 83 55 59 96 18 25 85 43 30 46 68 19 16 59 98 29 85 62 63 11 50 59 10 90 84 37 39 44 96 81 58 51 97 93 30
57 69 26 69 96 24 97 44 11 16 14 57 84 81 91 78 45 64 59 9999 10 97 89 82 22 36 21 20 90 92 39 29 45 14 64 96 62 36 52 17 16 77 18 48 57 64 25 94 15 92 61 78 65 98 58 12 85 95 13 47 36 64 49 40 82 25 78 91 49 11 43 78 63 11 20 81 44 55 91 87
68 97 47 14 28 12 44 90 80 96 76 28 69 97 62 94 97 27 14 88 9999 14 29 38 60 22 41 30 21 96 94 81 82 38 66 29 84 70 52 51 33 22 40 21 59 90 35 54 62 61 92 13 94 52 24 95 56 42 88 40 34 16 22 45 12 16 20 27 85 58 34 38 52 82 96 39 33 79 83 19
94 37 100 52 94 74 34 36 30 26 59 41 36 82 26 69 72 9 52 14 52 9999 83 82 29 70 36 78 95 17 14 41 82 42 53 92 41 37 71 46 11 33 45 65 53 57 54 26 50 79 87 50 28 92 34 35 69 30 60 35 44 48 40 11 93 63 87 78 70 86 65 73 33 78 71 68 60 60 91 92
71 47 80 99 95 52 14 36 38 17 18 86 69 47 24 12 11 63 16 9 89 72 9999 24 30 16 20 28 57 14 61 79 29 89 54 68 17 94 65 40 76 84 21 86 12 11 30 89 71 51 64 64 25 73 79 96 42 54 86 67 77 24 24 33 13 92 55 85 15 50 98 75 64 75 34 17 21 100 33 86
52 28 58 49 18 51 62 77 24 12 62 86 32 96 78 31 82 57 11 47 88 96 31 9999 92 19 66 14 99 50 56 20 73 25 52 28 43 48 42 41 69 51 88 93 34 22 57 19 17 68 57 27 9 38 10 94 54 96 42 13 79 55 37 51 37 53 99 88 61 28 34 62 28 82 90 81 65 47 63 58
11 30 54 37 10 27 72 40 88 88 98 24 41 49 80 91 85 77 69 85 44 33 70 31 9999 32 66 76 84 35 49 10 15 34 60 54 56 23 48 24 83 29 34 63 67 79 74 94 95 52 69 26 37 20 37 95 61 10 42 87 98 50 64 24 45 58 90 79 98 29 89 90 100 25 75 49 66 47 44 84
84 30 62 29 100 95 54 69 53 50 47 31 14 67 59 98 36 46 84 31 40 12 71 40 11 9999 27 32 37 15 43 54 77 87 87 64 84 72 12 13 56 60 81 34 23 59 96 63 84 17 36 63 89 31 51 29 37 26 53 18 12 13 41 31 96 16 47 45 19 78 38 84 80 66 80 16 67 77 27 23
10 97 56 71 15 50 17 74 68 78 30 83 37 50 37 9 88 31 46 15 39 16 55 71 75 48 9999 30 13 45 12 51 24 24 64 25 14 48 44 55 72 19 77 33 84 44 82 72 16 90 60 32 36 45 52 89 12 81 45 17 87 68 13 76 59 23 10 24 23 78 61 91 27 86 46 59 27 37 68 32
26 74 25 83 36 12 94 56 64 27 17 76 58 53 16 72 47 80 18 99 88 20 53 63 15 38 84 9999 22 45 25 85 80 42 12 52 50 60 10 75 50 19 45 45 47 85 24 47 69 46 42 56 70 94 15 92 50 10 49 86 89 20 93 58 68 14 37 34 66 34 61 88 61 89 49 32 85 37 88 86
37 54 43 90 37 67 97 79 38 38 9 67 28 51 83 65 74 22 26 87 15 9 31 21 35 45 32 39 9999 64 50 31 77 37 33 58 46 31 26 32 25 49 19 63 92 38 100 88 36 54 17 14 66 93 37 16 15 48 52 61 29 69 63 98 32 27 64 16 96 42 45 74 50 59 82 71 97 83 33 49
9 20 76 11 94 100 90 41 70 73 57 39 94 81 93 36 39 52 77 15 90 56 12 21 79 77 33 98 54 9999 84 15 99 19 47 92 89 31 87 36 50 21 61 64 53 98 44 41 56 34 41 15 76 27 12 17 24 59 55 32 21 89 26 32 78 80 60 29 28 23 28 33 61 11 77 41 75 76 71 27
45 65 58 38 57 47 54 42 51 11 63 62 15 30 70 60 51 79 95 19 9 47 14 92 9 36 19 63 54 79 9999 91 99 45 75 90 96 27 25 52 68 34 30 46 76 99 53 12 87 63 83 14 86 24 13 59 46 93 27 76 77 73 38 11 17 33 80 89 34 10 87 37 35 17 68 63 31 98 23 35
75 31 92 63 100 33 73 72 97 18 26 48 98 33 73 90 68 36 14 14 15 76 31 96 44 21 42 12 79 64 22 9999 59 38 29 65 84 23 57 72 11 19 83 37 13 78 75 82 81 81 36 37 78 79 94 75 86 50 26 18 15 33 70 44 67 12 58 11 86 52 37 17 56 27 84 23 83 62 68 100
78 95 81 96 79 87 12 98 15 28 91 94 62 82 85 77 21 57 93 92 69 45 16 14 34 93 9 59 47 44 49 64 9999 28 27 65 27 75 64 80 50 30 20 24 81 23 29 31 9 16 55 65 44 65 92 55 90 16 13 26 78 95 69 53 15 29 17 51 72 27 49 17 77 21 44 71 47 21 83 85
54 83 87 94 38 61 97 98 90 23 62 88 89 72 15 83 40 16 52 48 28 21 51 20 97 55 56 25 19 62 63 71 72 9999 96 62 90 68 58 50 38 89 31 42 35 93 77 21 13 38 36 47 37 79 41 53 26 45 73 27 57 87 43 72 21 24 82 30 62 70 34 19 12 57 46 40 48 99 67 99
91 93 27 65 63 61 74 18 22 69 58 16 46 100 80 23 27 62 17 32 85 27 12 60 63 86 42 72 28 36 82 87 9 46 9999 30 61 58 26 15 84 71 48 25 52 92 90 17 47 35 9 85 61 64 43 19 11 60 78 47 30 46 81 45 89 35 15 53 98 41 91 18 48 48 58 78 14 74 21 56
52 72 91 72 49 46 79 52 87 33 100 93 94 17 82 22 77 56 50 52 22 37 74 68 45 56 35 47 72 67 66 90 18 12 24 9999 62 35 37 85 50 20 88 21 78 12 25 12 28 76 53 67 91 74 72 50 51 35 87 14 53 76 86 11 77 54 69 91 60 68 54 51 10 64 29 87 68 56 36 81
42 50 37 57 45 77 72 26 58 40 45 71 71 22 93 60 90 48 21 42 86 10 18 69 100 65 48 27 40 89 76 77 50 25 90 95 9999 59 82 44 66 13 45 45 77 70 42 51 37 43 38 22 48 44 44 49 9 42 45 100 38 74 50 95 28 57 60 46 27 92 39 64 99 78 43 74 86 75 51 28
28 54 51 76 35 9 77 44 9 35 21 44 59 82 15 75 54 56 46 80 49 62 57 87 29 73 81 58 24 54 16 53 72 45 40 68 58 9999 24 48 85 92 36 69 79 57 92 45 41 11 57 54 37 95 73 65 27 38 86 43 81 53 61 88 43 12 28 57 10 93 40 21 85 59 69 57 45 89 14 51
84 12 76 23 50 85 64 40 36 100 26 62 42 9 22 34 20 86 28 100 54 94 16 29 65 78 98 80 48 44 49 47 61 70 58 74 54 13 9999 71 22 42 84 74 25 88 25 96 42 80 40 15 29 71 40 71 98 25 22 59 89 37 57 74 28 10 75 46 91 68 30 63 19 75 22 89 90 22 43 70
20 25 26 21 16 12 79 71 94 91 52 13 20 37 96 19 11 36 81 64 19 40 88 58 11 24 48 44 94 9 25 11 37 88 76 65 39 95 39 9999 78 21 81 38 63 17 47 66 100 31 93 11 83 96 64 62 64 27 37 44 23 66 97 65 52 81 79 37 56 86 65 91 21 34 20 84 90 47 17 38
36 34 89 40 44 42 10 26 86 23 83 46 64 31 9 59 89 89 59 9 60 90 66 35 82 29 30 77 21 44 81 43 41 30 44 19 80 10 69 11 9999 58 88 92 85 48 100 22 74 55 21 12 34 18 49 69 94 18 67 56 55 92 69 96 79 99 71 94 90 33 44 76 44 17 49 78 91 52 76 86
88 77 19 32 96 43 22 35 20 87 98 98 47 86 27 67 46 74 11 24 16 43 61 48 39 97 20 59 23 48 26 82 22 100 12 77 10 90 20 72 31 9999 99 78 49 78 56 56 26 67 57 81 45 40 30 75 15 22 22 85 60 99 90 15 68 85 41 74 26 68 33 78 18 40 79 63 17 60 78 25
86 99 87 46 16 63 46 25 68 66 37 93 10 59 10 31 75 35 76 49 50 65 65 43 32 82 89 47 88 95 58 38 40 60 17 58 55 16 95 29 29 17 9999 50 32 80 71 29 84 33 32 73 67 87 86 23 11 70 59 78 13 79 82 64 94 85 21 83 60 68 74 24 83 26 76 72 34 39 21 53
72 66 54 47 100 95 84 78 100 82 80 93 24 12 100 33 16 62 53 97 48 70 63 19 81 62 21 90 39 20 63 60 97 79 22 67 41 97 19 31 70 13 67 9999 49 47 96 36 37 15 46 27 84 78 30 55 83 41 98 24 71 32 13 79 50 97 37 27 100 49 80 92 18 78 45 92 20 88 65 93
58 19 88 56 82 75 59 58 30 96 23 58 40 98 48 74 49 88 32 54 49 19 43 26 44 28 79 20 44 75 78 80 77 77 66 17 69 80 85 23 47 70 23 87 9999 9 73 50 42 37 83 100 72 15 29 16 58 100 72 27 70 39 84 75 12 48 28 74 18 31 76 29 33 12 55 10 14 31 37 68
91 70 54 44 74 62 83 92 13 70 85 73 71 62 66 43 42 13 33 26 12 78 55 10 19 25 54 40 46 49 26 88 80 98 88 90 95 67 98 84 18 23 14 47 57 9999 34 41 24 31 24 87 10 16 49 42 74 96 25 95 25 16 41 69 17 58 57 63 98 50 78 90 63 82 98 18 87 61 94 77
82 26 94 72 85 36 80 82 26 89 88 44 50 32 63 58 97 88 71 31 47 94 47 45 82 72 71 43 80 82 25 66 9 40 98 86 17 69 53 44 37 72 35 68 59 43 9999 58 43 65 49 96 32 72 19 42 90 34 25 93 83 98 84 35 30 71 48 35 55 64 72 25 33 77 30 41 96 80 92 30
45 87 84 91 17 78 55 65 37 15 30 90 59 90 31 24 77 53 85 47 51 62 15 68 15 72 42 40 65 40 49 70 44 24 59 13 54 61 99 64 37 84 12 10 61 100 25 9999 55 48 63 40 26 63 14 31 87 36 37 32 71 97 74 27 64 68 47 98 55 98 100 31 38 58 89 24 77 86 54 51
10 61 19 20 91 47 74 54 95 48 31 19 62 44 88 60 25 96 76 57 56 97 74 45 56 80 26 37 88 90 36 13 35 10 54 36 25 9 65 56 25 73 36 83 66 33 77 100 9999 58 13 89 45 16 58 89 50 28 45 42 100 22 79 23 91 53 31 44 85 60 83 40 23 40 33 63 10 93 21 52
70 44 89 76 24 32 55 58 78 32 54 29 73 20 91 57 78 18 34 78 48 51 80 50 43 56 28 90 48 74 71 43 17 94 82 21 62 83 76 57 80 65 36 58 33 29 22 82 75 9999 97 14 93 14 83 68 91 65 59 52 90 26 60 48 71 26 30 43 63 49 16 55 13 92 88 46 94 42 30 84
28 36 29 35 70 23 68 21 34 39 25 50 15 50 29 11 38 76 12 45 47 38 95 56 17 80 95 100 67 56 39 59 83 96 41 67 52 50 49 56 55 62 95 10 28 40 86 100 38 37 9999 61 59 31 14 91 55 44 16 76 28 43 59 68 79 21 32 29 78 71 91 60 47 43 30 30 23 90 21 56
66 16 37 34 94 74 43 49 89 91 98 15 59 54 84 65 20 37 82 53 62 79 81 53 55 78 97 77 74 55 14 100 73 74 36 37 87 31 87 63 92 86 41 27 30 61 99 39 17 83 70 9999 96 98 51 92 15 59 49 33 30 42 67 66 59 96 55 50 59 87 29 50 55 74 93 27 49 79 90 24
58 85 58 83 38 44 32 25 93 90 78 28 34 40 38 27 68 48 23 20 100 34 63 61 95 82 11 80 95 12 81 79 18 62 36 48 30 15 47 12 98 25 95 97 46 94 24 62 58 12 80 71 9999 42 42 33 74 60 65 50 48 19 44 36 65 43 45 38 62 32 92 62 77 21 41 18 86 76 52 60
82 20 47 35 37 30 45 76 9 87 15 15 30 13 72 81 64 53 89 84 55 61 65 78 13 78 52 51 49 57 96 26 61 85 82 84 82 65 77 42 13 60 23 23 15 96 55 9 88 10 75 29 99 9999 41 70 92 69 98 65 98 10 37 54 92 51 13 19 53 54 92 70 56 32 10 26 85 61 33 21
14 29 35 16 49 82 77 87 100 80 45 29 75 22 60 57 81 94 16 46 84 20 41 35 11 70 76 28 98 44 69 56 83 48 43 48 29 43 56 40 9 45 11 90 39 86 35 99 97 60 62 44 65 82 9999 64 39 47 16 86 48 15 45 33 57 44 77 10 61 70 11 100 27 42 42 11 13 97 59 90
82 83 72 62 53 54 22 34 91 47 34 71 39 95 61 76 46 15 40 10 73 38 53 66 15 31 51 45 43 88 80 92 99 34 88 69 36 50 65 32 49 59 65 30 56 68 97 55 69 66 23 17 88 39 93 9999 79 71 82 85 12 75 69 92 60 11 12 92 28 41 10 94 79 71 46 48 44 87 16 17
26 86 34 83 36 35 23 79 9 78 53 88 56 78 46 98 50 46 58 70 25 67 29 25 89 48 13 18 64 20 39 46 48 93 97 39 13 65 81 26 9 73 78 12 40 71 48 73 100 16 32 27 42 76 9 74 9999 91 77 81 99 93 47 23 13 81 18 47 92 50 42 40 71 82 29 66 97 98 55 100
96 89 80 20 73 43 70 88 11 43 91 64 36 81 43 69 73 70 48 39 27 50 88 63 87 55 14 62 77 100 31 65 88 79 42 91 59 12 31 86 80 12 45 57 41 67 36 25 19 23 79 43 45 33 62 94 43 9999 36 90 90 34 37 38 85 9 95 75 11 25 33 96 60 84 34 63 88 85 54 28
97 24 35 12 45 48 91 85 13 86 93 71 46 44 32 10 90 84 95 41 77 17 18 95 64 82 90 42 36 95 74 21 93 89 71 95 26 19 55 21 49 93 49 19 89 98 29 54 60 45 46 42 91 23 20 62 14 83 9999 93 39 72 50 67 66 62 66 99 75 51 80 19 34 51 98 53 70 73 77 32
10 91 92 42 54 16 71 66 89 78 53 38 95 45 38 96 44 41 71 42 50 94 72 25 71 51 17 61 28 100 29 52 36 50 74 89 40 18 21 30 49 45 51 71 25 14 94 83 65 9 70 20 70 94 77 95 12 49 12 9999 62 99 67 28 38 93 86 82 44 27 92 64 23 55 21 85 39 15 77 96
33 40 65 40 22 95 87 99 79 72 76 43 27 93 67 17 57 54 16 78 15 9 91 65 10 49 35 78 49 30 74 16 55 69 33 14 59 99 85 96 63 30 14 33 96 41 83 38 78 55 53 64 16 74 84 75 75 97 55 29 9999 52 54 75 71 90 27 26 51 12 49 32 88 74 82 49 50 28 16 89
15 65 29 20 31 80 14 68 28 46 90 58 33 81 68 19 21 28 91 19 63 37 88 33 22 73 50 15 9 26 29 99 74 54 22 96 14 94 53 17 62 84 14 89 88 13 83 43 32 13 31 84 22 32 42 99 33 41 16 52 21 9999 67 90 9 99 79 90 66 20 25 69 98 34 41 47 41 47 85 52
69 17 16 21 23 95 53 86 82 83 55 59 46 34 51 42 11 67 39 68 81 62 91 73 69 45 61 55 49 100 17 12 12 24 12 59 13 39 21 11 58 55 91 28 48 16 95 89 39 80 93 34 56 78 39 73 92 99 32 57 89 87 9999 39 32 82 72 100 23 99 57 72 17 80 88 94 80 69 76 57
72 76 18 100 64 91 58 59 90 39 100 59 66 33 83 52 100 90 29 88 96 64 21 72 75 100 11 34 92 53 39 13 91 80 68 95 65 93 76 21 24 59 9 94 90 12 22 26 78 63 72 13 35 56 45 18 29 35 44 88 22 63 69 9999 42 69 74 78 9 19 65 63 31 38 46 79 65 25 65 79
94 33 56 25 54 13 25 62 94 60 31 66 16 11 47 69 24 100 87 63 90 79 84 77 23 77 33 52 56 72 48 34 38 64 25 33 73 48 92 38 65 21 80 77 38 10 84 51 13 70 68 81 20 21 67 44 17 59 67 24 84 19 21 28 9999 16 40 92 81 39 61 90 55 63 19 54 86 97 98 44
80 73 79 18 30 79 47 91 20 23 44 10 70 68 74 60 18 32 95 66 56 18 81 87 98 46 27 96 43 67 17 52 91 56 42 12 31 41 97 71 37 45 69 43 60 40 75 84 71 44 9 32 98 79 77 12 59 79 89 15 35 65 21 57 37 9999 79 55 64 62 38 70 33 41 45 48 59 33 75 9
21 35 44 64 67 41 92 9 20 80 28 63 25 71 40 15 21 75 26 43 26 22 87 90 87 38 99 38 16 46 82 100 94 60 78 83 92 79 95 26 64 25 58 94 63 79 60 21 88 92 10 22 56 92 64 23 16 21 94 10 64 71 85 53 48 75 9999 54 80 56 71 50 62 73 33 84 17 74 83 87
16 12 49 71 33 82 43 70 18 72 87 15 22 76 55 41 81 26 49 99 30 14 25 72 62 42 61 60 77 51 31 80 57 69 89 94 13 90 77 61 87 49 81 84 70 43 17 28 97 25 24 98 99 49 64 100 97 91 73 34 41 85 60 73 90 17 50 9999 30 49 48 12 41 10 9 63 10 92 66 70
23 95 48 90 73 15 58 89 56 56 55 34 44 94 67 13 96 71 78 20 69 99 15 14 55 51 16 92 21 65 87 53 87 73 52 84 22 92 88 77 76 71 49 84 43 26 64 79 9 28 36 40 72 74 70 20 28 57 66 35 58 37 18 52 39 24 27 51 9999 91 89 66 14 34 48 29 15 95 20 81
88 62 23 11 57 14 24 66 33 90 78 21 97 89 67 48 26 43 26 76 79 97 19 32 24 20 11 80 79 38 82 46 76 86 79 23 87 99 51 97 93 34 98 98 89 51 92 44 86 62 67 85 63 100 40 49 40 36 16 47 33 37 26 24 62 20 57 32 28 9999 81 27 78 38 16 38 100 59 9 21
95 10 80 26 35 91 73 12 22 45 92 9 80 90 72 85 96 21 51 42 19 41 63 41 91 39 60 34 64 18 72 91 17 98 42 92 94 99 27 36 97 51 22 20 67 100 24 41 71 27 93 73 35 85 11 88 17 76 50 63 52 84 46 67 67 66 69 19 74 59 9999 98 74 70 39 40 83 15 50 81
73 32 57 61 48 63 90 81 77 83 11 96 50 58 65 28 67 83 51 30 87 91 37 53 45 93 18 51 67 94 52 70 51 53 23 100 92 65 84 35 37 56 63 82 72 67 71 79 55 91 12 20 58 76 55 59 98 49 93 90 54 35 52 52 82 17 53 63 20 90 16 9999 39 13 18 12 76 100 56 39
11 98 99 55 94 50 23 22 57 12 61 19 93 37 68 83 41 23 62 60 46 93 55 83 67 45 21 74 55 56 28 93 64 59 47 89 63 89 76 50 29 27 38 56 83 21 33 35 50 94 58 11 79 72 74 54 84 20 48 73 92 81 48 93 76 90 69 34 48 83 81 66 9999 29 90 12 43 34 40 57
45 68 16 74 89 29 57 89 87 33 9 79 33 38 44 91 85 97 71 17 96 80 28 96 68 42 80 23 83 47 48 54 46 26 70 45 87 74 77 36 14 95 57 97 13 23 18 43 63 83 45 19 54 88 41 43 82 66 54 34 38 41 70 80 9 43 36 99 30 85 41 40 100 9999 10 35 66 82 36 14
48 19 85 95 24 94 58 97 44 19 99 16 60 15 20 21 72 43 29 26 48 77 99 23 11 13 19 87 25 39 50 42 86 61 27 93 98 82 61 20 50 16 67 35 65 39 79 65 73 18 39 9 100 64 29 84 42 76 53 35 45 38 27 47 20 48 56 94 43 11 82 30 100 76 9999 52 15 79 25 12
82 35 51 92 32 9 39 45 62 89 85 89 79 55 42 10 36 36 93 44 47 39 77 34 65 83 31 40 98 31 93 50 65 32 58 37 34 86 72 92 16 44 63 73 99 24 74 27 66 88 63 76 97 56 50 67 39 83 68 20 68 93 93 33 70 27 30 96 77 34 49 15 37 82 58 9999 61 45 48 48
88 37 91 84 32 58 55 37 75 53 17 92 98 76 22 50 13 25 14 21 32 43 78 63 39 49 56 90 37 57 22 40 82 15 28 54 66 40 86 40 89 89 46 47 20 52 20 57 80 13 97 86 73 94 40 23 41 21 21 85 45 87 75 25 13 65 42 47 52 95 12 43 39 16 96 67 9999 55 81 87
52 72 71 66 87 11 25 79 62 74 54 34 35 53 64 61 48 21 95 45 82 63 63 69 47 70 15 24 41 46 36 97 79 19 13 93 88 59 53 75 36 72 73 67 84 32 51 47 21 37 72 76 99 12 39 82 78 41 17 81 59 76 17 42 88 16 17 50 89 95 72 18 26 99 93 42 89 9999 57 20
97 65 27 67 49 47 9 84 51 44 11 12 29 30 60 62 40 34 51 63 66 44 19 56 17 15 12 59 27 20 81 74 65 20 81 48 12 27 16 82 47 78 22 70 9 81 63 39 61 15 100 81 61 60 77 94 85 52 61 45 91 69 24 21 57 19 52 25 99 16 81 39 93 90 58 19 12 52 9999 40
37 70 55 51 85 87 69 50 67 40 40 47 30 87 86 93 74 30 28 58 24 10 97 77 99 79 24 29 26 100 99 40 65 82 42 96 18 39 58 68 29 93 24 23 12 77 15 60 89 69 56 85 95 16 72 35 83 94 11 52 61 82 68 67 98 41 19 46 96 11 23 52 15 35 74 51 70 87 18 9999
