NAME: atsp60_50
COMMENT:
DIMENSION: 60
EDGE_WEIGHT_TYPE: EXPLICIT
EDGE_WEIGHT_FORMAT: FULL_MATRIX
EDGE_WEIGHT_SECTION
9999 18 31 17 26 30 44 37 35 34 10 48 48 27 23 45 10 42 12 39 38 29 46 23 35 16 12 37 10 12 50 24 10 29 38 16 29 12 16 42 27 18 45 42 19 19 31 17 30 38 10 29 37 12 28 15 42 47 17 20
13 9999 45 33 20 11 26 36 41 13 12 44 23 41 10 39 18 30 28 12 36 22 47 24 46 41 48 31 45 42 19 12 37 23 16 50 11 19 21 10 18 34 22 40 42 46 48 23 33 15 25 25 25 25 49 32 19 19 46 31
21 37 9999 34 11 25 39 25 42 14 22 33 37 38 50 18 45 10 24 32 44 48 34 20 31 48 43 33 33 10 16 28 27 15 15 21 37 17 32 33 22 32 30 20 32 46 27 14 32 50 36 19 15 49 18 25 24 41 32 13
30 44 37 9999 44 19 43 30 38 17 46 42 28 29 25 11 21 46 15 18 22 11 16 46 11 29 31 39 39 14 20 13 40 40 32 33 41 38 33 33 43 28 48 27 43 48 32 14 32 19 42 45 10 19 20 11 31 21 21 10
13 48 19 10 9999 35 30 24 18 46 42 45 26 22 16 34 22 42 44 28 10 49 16 16 17 40 35 50 22 35 13 19 38 46 25 34 36 15 38 28 30 46 47 19 27 25 39 41 27 45 31 14 11 33 33 42 22 28 31 32
22 33 40 35 50 9999 47 40 41 27 47 34 43 44 50 11 22 45 46 13 43 29 11 16 26 31 45 42 22 44 28 49 29 23 21 16 39 13 34 23 29 24 23 37 18 28 13 35 10 42 13 38 42 46 46 49 31 30 19 32
34 50 26 37 15 24 9999 33 49 38 26 34 12 43 45 17 30 49 18 13 36 32 31 49 30 47 27 37 15 10 28 42 23 33 43 19 23 12 28 13 29 50 42 29 12 32 16 26 36 37 26 34 36 26 26 20 19 35 26 14
12 16 21 30 24 15 38 9999 28 43 16 32 25 32 27 42 39 46 47 43 42 46 38 35 18 31 50 19 42 31 11 39 37 18 49 19 45 28 20 13 24 12 18 13 30 36 12 23 28 32 31 30 24 22 43 39 46 15 47 19
45 32 45 22 19 17 47 45 9999 36 47 45 31 41 48 28 14 22 39 34 37 14 14 35 46 44 32 23 42 24 49 46 20 21 26 46 10 38 49 14 31 40 32 17 19 21 17 18 41 28 46 30 16 20 30 29 47 31 22 39
24 46 21 10 42 46 47 45 15 9999 28 34 49 41 43 27 20 23 47 28 42 21 27 44 35 42 41 23 24 29 40 45 36 10 46 42 36 25 24 10 39 15 16 14 17 37 42 29 39 22 28 10 23 48 28 11 28 29 15 41
34 35 34 36 23 29 21 34 42 39 9999 19 49 17 12 46 21 29 25 10 24 20 16 16 35 17 33 27 14 38 49 24 10 41 27 48 17 13 43 46 16 34 37 15 19 41 32 48 15 39 46 22 43 14 22 37 29 21 15 42
17 40 44 20 15 35 30 44 23 10 13 9999 36 20 25 24 11 10 19 27 31 38 33 25 20 32 27 34 39 17 31 11 35 38 18 45 35 44 28 48 34 25 17 31 10 18 38 46 31 37 24 25 23 14 46 47 35 35 22 42
47 49 17 22 20 34 38 39 28 38 13 23 9999 33 47 12 48 41 35 47 24 32 14 47 29 24 50 32 30 23 32 45 39 15 26 31 33 25 33 23 13 18 46 24 45 34 26 24 24 31 36 45 17 22 14 28 30 48 23 33
33 41 21 34 21 21 21 50 44 42 41 49 37 9999 11 24 32 26 17 47 10 24 39 24 33 50 14 16 28 43 24 18 17 12 12 38 41 20 26 27 17 13 15 22 29 15 21 27 32 12 41 10 22 48 33 39 17 47 47 12
45 22 30 25 42 35 24 17 14 48 21 14 38 31 9999 49 26 36 30 37 26 48 32 22 20 42 32 17 31 13 40 15 21 37 20 41 50 41 35 28 13 10 40 22 11 22 26 29 21 27 24 45 36 50 45 43 27 19 31 21
16 33 30 23 16 39 39 32 11 46 11 37 38 32 41 9999 13 28 33 42 35 20 36 17 20 12 34 45 19 45 10 40 43 48 23 35 29 49 31 38 38 45 44 18 45 44 38 13 16 35 26 24 50 11 20 13 16 48 41 43
12 35 41 15 33 21 38 41 42 44 11 22 39 10 28 37 9999 21 17 40 31 41 35 12 38 26 44 24 41 41 25 20 12 43 32 40 34 20 20 27 39 22 26 20 28 40 14 46 12 33 21 46 11 40 36 50 17 21 34 16
10 22 48 12 35 43 17 13 15 39 32 11 11 48 26 27 13 9999 20 38 35 31 49 41 32 23 24 42 42 38 30 10 15 19 42 29 48 21 26 33 49 31 47 21 29 31 40 38 10 38 42 49 38 31 12 34 47 42 11 17
39 10 28 49 30 24 10 30 32 22 22 42 38 42 29 37 41 50 9999 27 34 49 43 11 48 25 35 27 22 45 22 39 13 50 34 19 13 26 43 44 49 18 12 21 34 30 36 42 11 19 45 31 40 30 29 31 49 34 27 12
29 30 34 27 30 25 16 17 49 10 28 46 43 39 23 39 45 41 30 9999 18 30 40 24 26 44 12 20 48 35 42 47 10 48 12 32 41 48 46 46 18 17 50 11 29 28 39 14 23 41 38 37 50 41 25 50 31 19 17 38
19 16 33 19 39 44 18 44 22 37 43 40 13 18 18 43 45 40 33 12 9999 47 24 24 45 26 22 36 16 43 44 20 16 50 37 42 36 44 42 22 28 24 29 38 11 14 39 20 20 50 32 46 48 29 35 25 42 50 21 50
16 27 37 24 14 45 39 40 30 45 40 21 37 46 12 33 35 48 15 33 12 9999 13 37 27 11 11 42 16 10 19 14 24 25 28 24 36 44 10 50 28 35 10 49 25 43 25 34 40 20 33 27 14 40 29 22 19 21 41 33
31 45 48 45 19 28 15 33 42 15 21 38 37 50 38 37 16 19 41 49 19 46 9999 35 33 30 13 17 23 15 33 36 42 41 50 35 34 39 44 48 45 15 11 26 25 26 31 47 27 48 25 11 31 22 23 22 17 48 18 34
43 33 19 33 31 32 17 12 24 27 18 48 13 24 35 22 31 39 44 25 35 22 45 9999 13 36 34 17 18 15 43 50 10 30 13 12 32 44 46 35 19 11 28 45 46 42 29 42 46 48 39 19 15 23 32 38 48 15 29 50
29 35 44 22 44 48 13 42 31 23 50 15 13 37 17 40 15 40 35 24 25 41 31 48 9999 16 40 19 37 38 19 43 32 34 36 38 45 13 42 10 46 34 33 28 18 32 37 46 18 28 39 11 26 33 26 16 49 20 12 44
26 18 14 16 18 38 23 47 22 24 34 39 50 38 37 43 34 50 11 29 40 35 28 43 32 9999 11 14 31 39 13 43 34 21 24 21 20 11 24 34 19 34 41 26 26 28 27 45 24 40 38 13 20 49 20 48 31 13 27 10
26 26 10 19 18 38 14 38 22 17 48 24 39 17 12 32 27 35 13 22 34 44 19 33 27 41 9999 11 13 40 25 11 22 38 36 23 37 35 21 24 25 14 22 46 21 38 32 30 11 26 43 20 27 43 16 12 38 25 34 24
18 26 31 38 34 47 32 31 19 41 11 37 21 17 10 13 39 14 24 20 16 23 24 10 21 49 24 9999 14 14 48 42 50 35 44 12 39 42 15 36 38 46 11 11 45 47 27 33 33 22 49 48 38 23 26 49 44 30 12 49
17 39 50 46 16 17 42 18 45 49 19 47 37 39 47 45 41 11 20 24 26 39 46 21 17 26 43 34 9999 49 18 42 47 11 35 37 14 22 25 38 33 32 25 38 38 43 43 47 12 38 47 20 29 42 46 30 20 33 12 27
37 34 40 40 28 25 26 19 38 37 36 11 29 26 50 29 16 13 34 11 39 42 14 47 13 45 45 22 31 9999 38 28 42 43 30 38 47 36 12 29 30 25 19 40 14 39 45 25 20 45 16 20 34 20 14 25 31 31 47 47
14 49 36 11 41 42 23 19 28 42 30 43 11 30 19 37 18 42 40 16 37 10 14 34 50 22 46 48 48 38 9999 19 38 11 36 33 30 18 39 48 37 23 20 25 38 15 34 13 17 31 31 39 40 33 37 22 25 39 23 17
22 14 49 31 20 18 48 16 13 33 46 23 41 15 48 21 37 40 15 50 49 43 23 36 35 27 38 46 11 42 20 9999 35 10 35 36 22 49 33 33 42 44 24 35 36 32 22 17 22 12 47 30 11 39 49 24 10 39 25 21
29 16 34 23 24 20 45 26 50 24 39 34 18 21 28 45 44 50 45 32 13 43 34 23 18 28 22 42 40 39 31 30 9999 21 25 32 28 28 40 21 43 24 39 26 34 36 43 43 13 49 44 50 38 42 25 34 49 46 31 37
14 46 32 23 14 33 46 13 15 50 45 21 11 44 24 17 44 15 38 28 41 13 17 49 32 38 45 20 10 32 10 48 44 9999 39 18 13 22 48 34 35 10 44 42 47 20 21 42 11 27 36 38 22 27 20 12 40 48 13 15
39 46 21 30 46 28 10 32 11 35 25 32 34 37 43 39 38 40 14 29 20 30 15 47 30 39 38 15 22 34 43 40 26 14 9999 48 11 15 15 35 39 41 37 18 35 12 38 11 50 26 21 17 12 30 14 11 16 40 50 30
25 42 45 22 29 27 45 38 38 29 40 19 21 40 23 29 23 48 37 24 37 22 41 21 11 11 48 31 15 48 21 18 20 19 44 9999 30 39 26 33 47 44 22 34 16 28 43 18 23 20 26 17 32 36 38 19 21 32 26 48
19 20 13 25 20 46 26 22 32 38 34 38 22 36 28 10 39 20 36 11 35 36 34 15 48 33 44 24 11 15 24 39 29 32 40 37 9999 30 27 44 25 40 41 38 20 48 23 18 25 43 28 25 44 46 50 24 40 11 25 31
19 31 20 48 49 13 26 17 37 36 20 50 39 23 10 22 36 25 15 19 34 37 10 33 31 41 22 41 43 41 42 35 49 47 27 34 21 9999 30 14 28 34 11 17 43 35 41 35 37 27 48 25 24 49 37 18 50 26 21 28
26 31 25 47 12 26 48 21 36 26 41 18 39 10 41 27 39 26 21 13 26 23 28 34 24 49 37 19 43 45 49 31 50 24 11 48 23 49 9999 14 46 32 47 29 15 49 11 45 36 28 35 32 14 17 44 40 48 22 28 49
29 31 14 23 25 13 34 46 38 49 46 33 41 47 19 14 43 48 40 46 25 23 20 47 34 46 49 25 40 31 31 42 41 35 32 28 42 38 42 9999 16 17 13 49 42 29 26 23 24 15 50 38 33 10 33 17 29 40 16 12
39 31 11 24 26 39 40 46 43 32 47 34 30 41 30 13 49 33 48 49 16 26 42 33 26 28 50 23 37 37 15 30 28 34 35 29 27 39 39 48 9999 28 50 33 38 49 30 20 18 39 39 17 13 43 27 21 48 36 23 21
46 26 46 36 39 19 15 11 21 43 22 18 28 11 16 28 31 48 38 37 17 19 46 17 18 33 37 15 47 43 38 12 14 15 47 45 16 10 19 37 25 9999 47 29 46 27 28 46 29 22 11 19 28 19 15 40 13 39 33 11
16 22 17 12 37 14 41 38 40 32 37 21 35 17 44 39 20 40 49 26 24 48 43 46 46 34 29 35 46 48 38 37 22 50 19 31 20 24 39 14 42 49 9999 13 26 36 21 48 42 37 17 13 23 33 49 46 28 45 48 46
20 38 19 11 18 12 26 35 37 48 34 49 45 30 31 16 28 37 26 36 49 47 43 14 11 30 47 20 17 28 29 21 36 41 31 25 38 34 11 25 33 29 47 9999 38 41 44 19 26 37 16 21 41 46 24 13 41 21 26 33
41 37 19 35 50 24 26 39 40 10 35 25 47 10 46 18 42 34 43 20 24 41 33 32 39 42 11 31 38 41 14 49 42 10 33 11 25 11 28 28 15 18 45 11 9999 39 40 30 30 26 49 15 18 39 48 12 36 14 21 13
40 44 40 34 33 13 22 35 30 25 27 11 34 25 22 17 25 33 35 27 22 17 12 26 37 37 18 46 32 10 31 44 50 26 44 12 26 12 32 46 22 14 37 30 36 9999 19 39 20 26 47 10 38 29 44 33 34 26 45 28
18 36 36 13 14 33 20 37 48 45 44 15 12 11 17 43 30 29 34 41 40 29 14 28 26 16 20 38 16 28 20 33 40 37 24 36 11 15 39 44 26 40 36 31 25 34 9999 46 46 39 43 32 11 14 39 20 36 50 28 34
11 37 29 27 42 42 31 12 42 49 37 25 22 27 46 44 42 17 47 47 21 40 30 43 33 21 22 20 14 23 23 24 42 28 42 19 15 16 39 46 37 17 42 12 24 36 19 9999 18 38 21 16 48 39 36 34 20 45 31 25
40 41 32 45 34 28 24 19 40 18 22 40 45 20 20 37 25 46 35 24 17 39 27 22 46 46 20 14 19 17 18 26 24 22 33 42 41 33 48 17 37 42 42 23 38 28 39 22 9999 49 23 14 10 24 34 17 10 16 39 21
22 35 20 32 40 11 24 44 14 45 17 38 40 47 36 46 44 40 45 30 47 20 26 30 13 13 47 33 49 45 43 32 23 42 26 11 10 20 16 37 12 16 33 27 13 21 10 12 33 9999 35 22 28 31 26 36 45 37 31 44
19 39 21 11 23 17 39 24 10 41 45 18 16 24 50 32 25 33 33 38 15 10 12 38 34 23 19 23 32 27 43 39 18 40 40 47 10 30 23 44 43 32 44 39 11 44 13 25 32 41 9999 13 16 42 13 15 33 27 45 41
18 31 45 11 45 31 21 37 30 11 44 36 44 30 41 50 13 19 19 18 12 39 10 11 30 36 25 37 29 25 23 47 47 20 28 44 24 18 24 10 20 33 28 13 47 46 42 27 37 13 44 9999 13 39 41 23 48 47 43 25
38 45 43 31 21 32 21 17 32 26 20 40 21 28 24 17 13 36 16 40 45 47 33 23 34 45 12 41 27 19 23 50 50 34 44 40 50 23 32 45 12 30 47 49 28 47 24 41 41 42 47 25 9999 37 42 29 48 11 13 15
49 40 23 43 14 24 25 40 17 26 33 11 46 11 25 23 25 11 13 46 20 30 17 28 27 34 49 45 39 24 11 15 13 19 12 37 48 39 22 18 39 49 34 15 45 36 20 28 42 49 45 21 21 9999 24 39 25 27 41 45
39 14 46 40 42 22 45 47 45 25 18 47 37 17 27 29 43 33 44 42 22 37 30 24 45 41 35 43 48 31 47 33 50 28 45 50 27 49 43 20 44 31 15 34 44 12 15 49 35 37 26 31 41 14 9999 48 34 44 38 21
43 10 18 45 24 31 37 16 47 44 14 26 35 25 24 45 29 31 17 29 25 16 22 14 28 46 38 47 34 15 32 33 40 46 15 37 21 10 31 22 47 49 37 24 29 28 25 17 42 35 11 27 40 31 34 9999 17 44 23 13
17 43 46 15 23 10 23 15 20 34 10 48 39 12 25 45 28 17 23 30 41 42 38 39 47 21 26 24 36 34 43 16 14 26 37 22 14 36 36 40 39 28 11 12 33 17 48 27 19 16 39 17 30 20 43 11 9999 32 16 14
30 21 25 45 22 45 35 23 30 35 19 41 10 38 47 31 50 31 40 24 34 36 37 50 29 13 50 12 38 23 18 28 36 34 25 46 39 14 30 33 40 39 44 32 43 39 38 21 24 26 11 39 44 47 30 20 36 9999 49 42
19 34 27 13 25 12 42 21 12 41 40 44 33 31 40 46 30 36 37 47 38 34 19 47 11 40 27 38 31 44 24 12 19 48 23 46 32 49 37 12 23 14 20 24 44 15 38 46 26 16 26 41 37 11 41 23 35 18 9999 38
36 17 16 14 21 41 49 47 27 18 14 22 35 43 15 37 46 11 12 15 15 11 37 19 28 10 30 21 44 33 32 48 14 30 23 20 30 24 47 22 46 17 14 30 43 49 33 11 38 19 46 21 40 37 45 37 27 41 38 9999
