NAME: atsp80_70
COMMENT:
DIMENSION: 80
EDGE_WEIGHT_TYPE: EXPLICIT
EDGE_WEIGHT_FORMAT: FULL_MATRIX
EDGE_WEIGHT_SECTION
9999 51 43 58 35 47 25 70 50 61 66 36 29 32 49 31 41 30 66 34 18 47 57 70 69 64 63 67 45 63 64 41 18 48 16 41 30 33 29 39 58 42 37 14 63 66 17 47 36 49 16 39 25 18 64 32 33 53 35 42 21 41 68 43 27 44 37 33 28 53 37 29 60 66 64 28 57 44 53 14
19 9999 44 16 28 16 21 36 59 29 62 37 33 31 17 63 52 22 68 43 15 24 59 61 56 45 65 67 60 65 32 29 20 52 48 16 21 31 34 44 31 38 47 13 17 29 52 58 70 49 33 13 63 36 27 29 24 49 54 65 64 14 20 16 52 70 45 62 55 52 37 31 58 34 68 65 60 48 26 42
66 44 9999 23 52 46 40 61 46 25 35 67 22 19 69 16 30 15 38 47 65 50 38 56 68 51 26 14 33 19 52 26 45 16 44 42 27 31 31 51 36 30 55 15 23 12 27 52 55 52 48 51 63 21 43 12 34 39 15 43 40 36 58 42 16 62 65 17 24 20 58 70 47 67 61 70 30 39 48 42
25 13 53 9999 22 62 19 15 29 22 27 57 16 50 24 25 42 63 14 67 56 38 34 29 55 45 30 20 32 55 45 46 53 25 32 64 12 57 66 44 32 27 23 38 64 43 62 38 52 64 34 46 39 20 30 58 15 59 25 48 12 30 53 47 38 49 16 15 13 23 41 63 37 46 63 36 30 69 64 67
21 65 22 20 9999 19 67 62 50 23 25 22 54 67 17 21 48 48 25 29 30 12 41 70 31 34 22 45 57 46 42 65 49 33 50 60 21 32 69 63 32 13 55 51 33 48 56 20 23 39 63 21 68 60 13 55 18 51 43 32 66 62 19 66 58 17 20 30 16 66 55 44 68 25 36 42 26 55 20 53
26 67 13 27 49 9999 57 45 13 14 31 22 35 65 28 43 19 68 31 20 15 47 19 41 39 13 36 15 35 42 30 56 17 26 62 39 67 44 50 30 21 46 25 68 27 40 41 12 53 47 51 24 16 38 59 65 18 13 66 30 50 62 51 57 41 35 13 29 69 21 37 32 21 12 66 70 44 37 45 48
33 30 17 55 40 69 9999 41 17 24 13 42 66 33 65 31 16 25 50 56 45 35 21 26 58 22 33 30 46 43 22 63 66 28 31 65 58 24 50 26 69 38 13 49 67 27 31 24 58 29 35 62 28 30 54 62 69 55 15 30 58 32 21 20 31 29 42 61 30 23 44 12 69 41 32 63 70 43 68 57
39 31 57 31 30 31 69 9999 69 62 66 63 35 35 23 62 19 40 29 12 56 65 61 66 12 33 41 54 46 12 60 27 19 17 57 63 51 12 27 63 35 13 67 50 60 60 19 41 51 49 44 60 15 58 39 28 63 69 17 60 20 28 53 15 21 51 39 19 66 43 22 32 53 18 58 58 14 39 45 55
34 48 52 68 13 31 53 36 9999 66 40 27 66 21 68 30 63 52 12 23 40 23 37 28 45 16 37 45 55 61 19 41 12 47 46 38 44 15 24 26 53 48 34 54 53 28 48 53 21 28 63 59 70 56 65 65 58 54 55 54 45 53 56 23 35 52 34 59 15 40 70 67 52 14 53 46 58 18 24 22
33 47 43 70 69 18 39 67 31 9999 24 36 15 50 60 58 31 32 16 12 52 37 56 32 70 49 35 40 39 55 38 50 40 66 18 36 19 66 25 29 69 65 21 60 59 21 69 70 66 12 62 40 34 43 36 53 30 64 70 53 30 32 22 63 28 66 38 28 42 32 32 56 18 43 57 66 15 20 31 49
22 36 18 67 17 62 63 20 67 51 9999 63 54 54 41 44 36 43 45 64 45 46 22 52 39 16 14 38 50 30 13 49 62 31 12 19 33 56 12 17 62 29 38 19 58 49 66 25 18 15 26 66 30 63 64 31 49 56 17 47 30 61 70 53 60 54 35 21 58 22 25 15 23 52 55 63 69 36 16 39
19 67 67 50 19 63 36 23 54 47 68 9999 65 26 25 25 30 41 20 60 50 70 45 53 12 35 19 37 68 52 65 24 53 61 18 17 47 31 26 55 37 60 51 49 20 13 67 30 58 53 69 61 68 53 62 25 46 49 15 39 13 48 23 39 33 63 44 17 70 23 52 62 20 66 53 37 41 70 15 63
64 16 25 63 31 55 33 37 57 45 50 48 9999 67 20 60 12 52 49 58 61 58 64 65 70 39 53 39 47 68 32 33 39 33 68 16 58 59 27 21 24 17 65 29 58 56 26 40 23 64 49 20 44 54 50 32 33 28 13 20 52 40 30 40 41 31 16 25 35 22 12 51 53 49 53 25 18 34 51 23
67 59 35 14 53 62 67 19 30 54 64 17 43 9999 54 31 47 31 16 27 68 43 56 22 32 43 28 70 70 56 55 18 53 30 68 49 51 43 23 65 47 16 70 44 21 35 23 42 56 55 48 15 48 49 61 53 19 46 18 65 62 55 36 48 58 50 13 37 27 32 67 48 25 53 30 70 66 40 42 57
53 18 64 39 55 38 65 57 65 63 69 32 66 45 9999 12 68 44 32 19 16 32 26 39 30 34 31 43 27 66 38 61 50 19 60 53 50 66 30 39 35 56 50 29 48 64 19 23 47 49 46 52 31 41 29 40 70 48 57 25 30 18 15 43 21 16 30 29 53 29 69 18 20 20 56 46 23 55 19 16
32 33 14 14 70 49 13 48 30 50 47 21 16 19 14 9999 44 59 13 36 33 17 51 42 70 46 65 44 30 67 55 48 24 18 45 40 39 55 35 64 41 25 27 64 52 25 45 25 59 21 49 19 43 15 24 62 40 30 17 67 39 46 55 35 28 45 12 63 62 18 68 43 70 68 66 53 14 70 41 30
58 42 52 50 55 18 23 24 70 21 20 29 42 61 32 30 9999 70 18 64 52 42 69 59 65 51 62 18 54 45 57 24 16 55 18 63 59 56 17 41 12 52 54 25 55 17 54 29 13 27 47 36 33 54 60 64 18 45 13 24 13 51 51 30 15 26 50 33 24 37 57 49 19 51 47 33 40 62 62 34
21 48 28 23 58 51 60 48 37 51 64 67 33 51 38 16 68 9999 42 54 23 62 50 40 47 24 25 20 53 15 57 58 70 60 50 50 30 49 49 44 29 47 65 44 32 56 64 66 48 15 13 12 23 62 46 67 60 35 31 25 33 48 54 25 37 59 30 46 47 41 25 35 34 37 21 15 33 33 40 17
48 29 57 34 58 30 43 35 45 57 29 57 25 46 38 66 27 19 9999 44 39 34 65 69 69 70 38 37 45 60 63 46 70 47 30 51 62 58 25 35 20 51 20 38 65 51 41 66 67 49 28 19 66 46 56 65 33 18 39 40 57 24 66 31 22 28 47 64 45 29 28 18 51 36 44 49 20 18 62 21
34 56 69 54 23 41 18 20 44 22 40 67 42 59 26 38 37 20 50 9999 46 42 40 62 17 37 23 45 69 60 61 23 25 30 37 19 19 24 38 36 67 61 15 58 30 16 29 37 21 43 27 56 44 25 54 56 39 14 31 22 50 35 18 39 45 16 70 70 44 51 54 65 26 54 49 66 48 63 21 60
35 58 29 20 56 53 63 17 47 28 63 13 65 37 61 59 16 50 18 41 9999 26 70 49 57 61 63 46 70 22 23 61 54 48 14 33 58 64 26 22 62 47 29 57 65 53 68 12 20 35 64 27 45 45 12 20 20 13 67 18 40 14 36 28 69 23 31 56 65 31 56 28 69 14 14 12 47 69 32 58
67 15 63 67 15 50 18 31 40 37 54 13 70 63 52 47 53 36 15 61 17 9999 45 31 53 15 66 63 28 37 69 23 42 70 37 44 58 31 65 39 25 53 23 66 60 23 15 55 32 33 35 28 20 24 12 35 69 43 15 36 40 37 22 69 69 12 52 69 44 26 32 53 51 65 12 47 14 18 47 37
58 56 13 25 17 41 37 26 64 34 36 35 26 63 19 44 46 57 39 54 24 22 9999 30 30 62 53 52 27 46 48 24 55 34 22 43 66 60 47 45 21 27 22 65 64 46 58 43 47 54 62 65 29 12 35 70 53 42 40 62 27 47 36 21 56 15 54 59 60 32 65 24 53 35 45 46 70 23 14 45
59 40 35 37 57 27 16 29 47 37 50 56 70 21 27 42 25 13 38 40 46 16 30 9999 28 38 38 61 18 42 67 46 27 41 23 31 18 24 48 39 36 22 15 66 49 23 19 65 48 34 53 30 12 24 63 21 44 26 19 54 36 20 61 45 32 30 60 34 16 56 41 53 60 51 33 69 47 58 32 63
58 29 39 32 56 68 42 19 33 29 49 25 32 65 36 15 70 26 58 27 50 47 28 62 9999 19 27 27 13 39 24 65 56 56 18 70 24 50 33 34 35 51 46 56 23 22 45 21 58 48 56 61 18 61 67 40 46 52 33 14 33 30 39 19 47 45 29 64 59 70 21 35 54 60 13 33 59 70 38 47
40 42 40 58 31 42 30 54 52 55 46 18 24 54 23 53 35 70 64 64 37 35 28 37 20 9999 50 66 17 51 22 53 15 26 54 60 18 61 25 26 64 48 55 35 44 64 35 13 16 16 51 34 41 26 64 44 28 43 21 18 51 48 21 34 42 32 58 15 37 56 45 17 13 39 66 46 65 22 54 34
31 32 55 70 16 40 14 40 33 44 67 15 66 18 29 30 47 33 37 58 57 35 51 60 46 21 9999 28 13 62 50 46 28 36 51 25 24 44 47 60 41 20 35 44 16 70 22 62 25 45 68 62 17 55 63 22 16 60 30 68 58 67 69 53 58 16 70 60 34 40 53 66 35 15 38 51 58 62 22 69
64 65 17 42 20 58 38 22 28 36 21 51 52 70 53 63 13 26 23 55 33 53 67 60 70 16 64 9999 23 47 15 42 37 18 13 37 38 58 47 57 47 68 25 21 40 15 21 39 19 47 44 13 59 25 55 43 28 63 66 68 34 24 17 66 64 61 30 59 33 53 21 52 69 42 50 52 61 61 44 61
61 59 63 60 29 59 64 69 41 22 62 19 55 38 47 33 68 24 57 33 39 68 13 67 41 54 51 57 9999 43 40 49 17 39 61 14 54 61 36 53 69 64 63 16 63 32 23 62 44 39 13 66 69 65 70 45 66 64 63 66 55 37 42 67 52 64 53 64 63 57 22 21 66 42 44 69 64 54 65 60
69 57 46 31 43 68 40 65 56 17 57 40 60 41 22 57 61 44 41 52 51 19 44 31 62 36 49 31 26 9999 46 24 16 40 53 16 38 38 32 26 57 30 38 36 31 15 20 27 18 16 39 23 70 34 46 35 59 70 56 70 35 24 34 49 47 43 35 12 40 55 26 44 52 13 42 66 52 26 47 54
16 51 58 42 29 65 63 29 59 35 26 31 27 29 56 57 54 12 33 56 38 17 16 21 23 22 37 69 60 18 9999 40 24 59 57 29 53 44 63 70 52 70 49 53 51 51 64 32 34 61 25 13 29 39 66 45 14 35 21 33 23 68 52 35 36 53 16 12 17 59 45 59 29 30 17 26 46 48 20 70
65 26 53 61 53 22 22 19 64 43 57 31 52 29 17 67 54 28 40 25 70 69 58 23 40 46 59 21 30 55 63 9999 17 51 38 37 55 59 39 20 36 68 51 12 70 48 19 31 51 13 42 31 66 45 32 51 39 55 59 28 34 64 44 62 65 68 36 68 13 32 36 23 16 54 41 40 50 41 61 32
56 48 18 26 48 40 34 46 26 55 21 48 63 33 37 35 67 32 23 30 50 32 18 63 39 70 36 47 48 25 27 35 9999 43 62 23 31 23 34 68 29 47 22 28 47 22 23 57 51 39 30 29 47 57 46 62 67 46 62 66 24 27 37 58 53 25 51 40 49 19 53 70 48 19 47 13 25 47 70 37
31 23 34 20 48 42 27 52 69 25 26 63 51 54 17 47 19 66 57 24 44 46 62 18 66 21 57 18 33 52 47 26 28 9999 39 34 12 26 57 35 28 35 59 24 41 23 32 42 37 24 62 31 45 56 33 19 57 46 25 32 20 39 38 56 17 51 41 47 30 31 68 28 60 27 21 49 59 12 46 68
20 58 18 66 58 50 63 47 20 16 29 12 30 29 19 23 65 23 45 55 18 44 13 33 38 64 31 54 69 13 51 70 63 19 9999 15 18 57 13 39 18 40 37 42 19 70 50 63 12 27 50 41 20 44 22 21 33 19 16 30 64 36 18 47 58 62 40 54 24 47 53 29 57 29 30 42 68 51 34 53
42 24 15 44 12 53 33 12 44 61 52 24 60 32 38 40 54 36 51 50 56 28 53 39 56 69 44 17 55 39 21 67 22 38 39 9999 60 61 61 58 47 50 12 20 67 61 47 48 42 63 50 21 52 59 56 56 65 59 27 68 62 69 35 70 52 54 52 15 68 43 39 41 20 41 34 19 50 51 41 68
47 56 16 64 70 50 65 22 41 12 23 23 70 12 33 67 46 33 58 13 67 41 45 12 40 30 12 55 60 68 14 16 33 14 37 37 9999 59 18 16 43 23 21 56 52 31 47 63 66 55 57 48 54 25 42 49 63 55 65 25 54 19 32 40 66 38 62 62 57 67 66 33 34 43 60 24 70 30 42 18
66 65 59 27 25 19 29 58 54 68 26 22 21 53 43 18 15 68 57 26 48 12 40 26 70 55 61 36 32 40 32 58 15 57 29 65 13 9999 37 48 23 70 32 14 58 44 58 63 45 51 48 14 33 38 62 31 21 53 66 28 12 66 30 61 58 47 31 19 48 37 52 15 45 47 33 45 59 23 18 17
62 51 21 37 65 34 28 31 44 22 23 33 24 64 36 65 24 16 39 58 47 53 50 38 22 65 39 36 39 56 49 57 42 29 60 18 45 70 9999 13 49 27 46 46 43 64 19 25 16 45 62 66 56 30 58 13 61 29 47 40 18 21 19 27 41 15 35 63 22 53 64 35 24 60 52 25 18 37 29 44
34 52 55 32 13 32 60 12 12 33 24 68 65 18 52 63 36 49 53 39 63 15 21 14 42 35 32 29 54 44 60 35 40 28 50 23 27 67 16 9999 67 58 29 64 26 63 50 43 12 37 49 42 60 39 69 14 68 19 28 62 28 43 47 12 40 67 64 69 15 70 15 33 59 12 64 53 34 60 23 16
57 67 60 41 22 37 31 35 63 34 17 23 30 40 67 58 52 15 14 57 34 53 45 12 31 57 52 52 53 16 31 60 33 34 37 44 24 41 39 59 9999 59 47 43 66 67 67 63 42 53 30 46 63 45 30 33 53 63 19 50 61 13 26 34 51 31 23 37 61 50 39 25 29 36 44 14 17 22 14 31
42 65 49 41 47 41 13 53 50 68 50 38 64 54 13 58 45 34 32 13 59 49 34 17 37 17 13 17 67 41 21 46 56 50 69 45 46 60 50 21 28 9999 59 31 25 68 13 29 54 60 49 13 35 51 42 15 66 15 41 23 64 14 24 37 12 63 45 20 55 18 16 19 30 65 47 17 15 64 26 51
58 56 56 19 37 45 36 35 54 44 68 68 52 30 57 37 66 29 30 60 35 39 66 70 34 40 20 23 55 47 55 63 16 39 43 22 54 47 34 50 56 43 9999 65 17 13 38 45 60 44 24 16 28 46 22 20 33 58 57 43 44 58 27 47 66 50 18 16 41 31 47 33 67 45 70 22 44 30 44 55
21 43 28 28 67 18 15 41 31 31 48 23 17 58 55 46 66 21 68 33 16 47 20 23 54 12 36 70 57 52 57 69 33 67 70 65 32 28 13 45 53 41 13 9999 34 15 19 61 24 41 68 50 46 19 48 54 35 38 18 32 69 69 36 67 22 23 62 55 43 51 68 27 41 24 19 41 46 18 45 56
55 67 62 54 21 20 39 38 54 22 14 61 54 33 53 53 64 20 14 39 51 31 34 56 44 58 35 15 38 25 31 44 17 51 56 63 30 34 12 34 67 37 21 40 9999 18 16 63 47 40 70 27 52 39 25 63 37 45 18 32 62 28 21 58 49 67 62 18 70 41 34 31 26 45 64 55 61 49 61 32
21 30 65 63 66 33 31 28 66 13 58 52 37 34 23 69 63 39 12 55 56 20 13 49 37 17 36 46 32 42 38 16 66 16 19 68 29 27 61 39 15 69 53 14 37 9999 21 47 47 46 30 25 48 46 67 65 23 20 39 53 21 22 18 30 33 49 44 28 18 62 53 33 54 44 56 30 63 21 33 22
26 36 33 60 49 25 55 52 53 22 58 55 27 33 31 46 67 63 29 16 62 67 47 66 51 51 68 59 30 48 29 19 56 13 23 60 31 38 25 64 23 69 68 32 30 68 9999 25 54 38 59 27 30 43 65 29 30 70 60 60 27 57 27 59 38 37 30 31 15 47 51 57 52 36 47 63 46 55 34 35
52 26 34 19 68 20 33 67 52 58 68 70 31 43 43 55 32 70 47 68 49 58 44 42 15 63 41 12 56 50 54 33 25 68 28 43 51 21 14 19 62 50 44 63 44 15 28 9999 19 45 54 69 55 68 34 63 27 41 13 35 16 24 57 20 40 16 40 24 46 50 48 13 18 46 47 23 47 19 48 45
15 68 66 57 13 57 37 56 43 67 39 67 61 39 41 47 15 69 54 54 69 25 38 20 44 58 67 43 37 38 12 20 18 17 27 53 55 49 52 17 34 19 26 29 21 13 41 43 9999 63 22 60 49 50 62 34 49 50 57 48 28 38 67 51 37 45 70 64 51 37 52 18 18 53 22 40 59 47 59 32
57 22 61 25 37 28 41 64 32 47 26 53 69 63 69 60 22 17 13 69 15 40 26 13 69 58 21 47 30 65 61 19 58 51 43 31 45 24 45 67 64 50 34 35 46 36 66 68 27 9999 36 38 51 39 62 36 64 44 14 70 55 63 70 55 36 37 36 60 53 64 30 50 17 23 53 28 22 53 21 52
25 15 49 43 18 28 34 58 67 24 55 25 65 30 41 46 28 33 24 41 34 55 55 38 52 47 54 67 55 41 12 42 68 55 46 32 13 60 44 22 29 43 48 25 42 30 52 27 53 38 9999 22 20 64 24 39 57 38 13 52 58 66 61 62 20 59 31 31 34 57 35 35 16 47 51 56 49 43 56 22
53 21 43 65 22 70 17 22 52 42 60 68 41 41 56 27 24 14 44 56 35 59 14 25 25 57 45 70 45 59 62 64 52 45 60 20 67 64 47 34 47 42 17 17 34 19 57 64 35 43 16 9999 34 27 30 43 12 60 52 12 57 16 61 55 44 45 46 32 38 60 65 27 49 51 13 50 46 52 55 19
60 27 25 14 70 66 12 54 25 64 13 13 28 40 38 33 33 39 41 50 44 43 68 18 56 57 50 15 23 40 56 40 57 23 53 57 30 67 69 44 49 32 63 59 24 64 19 29 69 32 38 28 9999 40 52 38 29 26 49 53 67 60 12 55 35 56 12 41 17 17 42 58 48 28 59 47 50 23 42 16
40 19 46 26 29 54 42 55 33 27 38 66 68 64 13 23 58 64 27 55 70 38 56 65 17 14 39 58 66 12 33 62 58 66 23 51 18 52 30 16 55 47 17 66 35 38 40 45 40 45 68 53 29 9999 62 65 60 28 13 51 26 53 27 24 48 33 25 14 48 21 17 69 33 43 37 52 66 64 31 55
13 14 61 63 37 34 26 40 51 48 34 36 44 49 37 16 21 43 35 61 60 68 27 25 36 22 39 64 16 70 22 15 36 13 14 70 18 36 36 70 56 13 33 70 61 36 46 70 51 32 55 43 45 17 9999 49 38 36 13 19 47 58 70 36 15 45 24 23 40 19 26 39 33 27 40 57 55 27 24 61
66 55 46 31 15 38 50 61 39 23 28 32 49 60 68 37 70 21 17 53 54 40 30 55 16 21 42 24 51 41 59 67 44 43 46 55 52 41 41 67 33 32 24 61 19 30 57 65 70 70 68 27 36 12 50 9999 54 21 14 38 18 57 40 53 17 38 39 34 65 21 69 63 55 64 63 47 52 69 37 21
59 38 28 69 66 66 12 45 15 12 33 33 59 62 31 18 12 40 12 69 21 13 23 22 17 58 34 48 26 34 17 39 53 16 65 63 13 22 19 20 57 36 40 57 26 15 45 44 60 13 14 63 23 68 65 65 9999 31 14 24 67 47 63 25 65 28 70 14 20 47 31 30 27 42 47 54 64 47 27 45
64 48 49 45 48 33 55 42 33 33 38 52 24 48 38 53 64 54 65 23 34 39 46 19 68 31 25 43 52 35 54 17 32 45 36 33 29 15 12 64 14 63 27 48 69 60 39 63 47 17 26 22 61 33 42 20 52 9999 23 31 70 45 39 67 57 39 13 14 56 32 40 33 26 16 57 58 53 61 47 40
55 20 67 53 24 15 44 62 68 63 35 13 62 32 39 12 30 34 36 38 53 13 20 30 48 52 21 13 69 52 51 34 68 57 30 31 57 65 30 41 39 53 18 33 32 69 36 17 37 13 58 16 63 44 27 63 57 34 9999 48 46 25 15 33 15 41 52 44 26 41 23 57 24 24 49 67 67 19 54 65
25 42 12 43 39 14 14 53 18 26 49 63 15 41 29 25 41 29 32 21 27 23 66 40 32 14 58 54 64 70 58 24 70 56 22 29 36 58 53 37 13 70 29 30 32 32 65 26 35 56 18 26 43 29 41 40 63 20 59 9999 41 50 49 30 13 39 62 68 68 58 32 67 50 28 44 58 31 52 48 39
28 28 33 56 12 22 18 28 49 43 61 68 32 22 69 36 20 19 26 25 59 41 13 14 29 67 33 44 65 18 29 53 59 48 69 31 13 60 29 43 45 37 66 62 23 68 39 62 47 26 34 64 44 48 23 67 48 31 48 35 9999 68 19 20 54 67 66 29 59 59 65 58 43 56 27 18 43 53 37 68
32 56 34 52 18 16 42 55 23 22 19 17 51 69 61 53 30 68 17 68 13 33 67 47 54 40 62 39 29 12 17 42 62 60 34 54 42 45 24 60 31 61 67 67 56 25 47 30 59 38 70 25 31 30 21 28 40 55 53 29 47 9999 35 15 28 24 64 34 59 15 23 12 14 14 69 35 62 57 41 34
32 70 50 56 23 15 36 39 54 39 57 18 59 23 24 36 51 30 18 27 14 52 40 25 18 70 68 13 48 28 20 45 64 13 63 14 51 18 43 48 59 62 37 58 34 66 40 18 19 17 22 24 40 30 16 32 43 64 17 22 26 40 9999 55 23 70 54 38 29 15 52 12 20 41 23 26 61 35 36 50
39 22 31 12 60 67 69 13 66 44 45 13 60 66 41 30 30 19 33 51 22 63 29 59 22 48 15 56 44 63 65 39 28 61 28 55 54 42 41 63 42 49 61 65 28 37 38 20 69 24 54 62 39 19 47 68 55 35 30 18 53 15 24 9999 26 14 35 66 65 48 18 29 48 36 22 62 46 49 31 53
52 57 56 62 44 20 30 50 59 49 16 45 49 56 34 47 20 60 45 63 57 29 30 33 45 22 49 27 40 67 69 60 33 64 46 40 67 42 35 63 37 17 14 46 25 20 21 29 68 48 31 62 53 55 34 70 70 31 48 30 22 68 41 67 9999 28 68 40 65 46 31 26 15 64 67 33 43 52 60 39
31 39 14 13 40 31 65 28 58 49 14 44 33 42 58 16 65 23 66 22 29 65 27 32 46 43 43 13 20 22 44 70 60 15 36 25 56 68 50 28 65 22 19 40 62 53 42 61 36 42 52 47 22 36 31 15 38 22 15 58 23 48 12 47 22 9999 47 47 21 64 21 69 57 30 39 43 32 21 29 12
57 39 59 56 41 20 33 68 15 67 64 61 53 27 36 51 17 48 27 19 16 60 31 70 44 30 60 57 21 25 30 57 49 47 45 59 47 36 61 42 39 67 68 38 30 23 31 70 41 21 41 18 70 67 18 51 64 58 44 33 13 60 52 40 49 38 9999 34 42 69 30 67 32 16 55 67 32 63 30 19
14 62 15 40 37 24 46 67 67 13 62 20 27 50 47 25 43 49 24 22 39 41 62 26 49 54 38 34 50 25 62 28 45 34 38 54 42 62 14 38 52 63 17 67 28 37 49 30 49 12 13 22 57 21 28 54 29 46 25 24 51 67 14 29 44 58 26 9999 32 66 33 43 50 41 48 44 43 52 26 42
44 46 44 45 29 21 19 22 28 44 68 66 50 27 57 67 36 39 13 36 40 43 62 22 66 58 67 59 59 24 13 42 69 25 51 47 13 23 57 39 46 28 18 25 25 38 25 54 18 63 27 22 20 29 34 67 62 25 57 46 16 49 24 66 57 41 62 31 9999 37 52 32 29 17 24 37 27 20 58 25
70 17 12 27 17 44 67 27 14 25 17 62 49 29 18 62 39 15 54 55 50 56 30 50 48 27 16 19 55 60 58 30 55 67 26 52 57 30 34 31 59 43 58 30 45 47 65 34 31 14 63 42 69 58 59 12 68 27 19 69 12 33 15 53 18 52 39 22 59 9999 45 29 67 62 66 26 69 65 46 68
42 22 40 40 62 64 50 45 17 60 31 34 53 27 55 13 29 14 43 61 37 17 55 34 68 62 53 65 61 47 50 46 37 63 49 62 50 60 30 59 23 17 39 53 69 57 58 66 25 47 21 16 25 48 46 16 37 29 13 19 61 29 19 48 26 20 26 67 57 22 9999 66 60 61 14 29 32 18 38 55
63 32 48 15 36 56 46 61 32 48 37 25 36 54 16 64 29 55 48 69 70 56 67 17 49 17 38 59 12 68 14 29 17 59 30 52 56 44 41 30 53 55 68 18 14 48 58 38 37 41 22 12 27 67 21 17 66 48 17 26 16 34 65 25 12 43 70 58 25 42 48 9999 27 42 36 13 20 43 52 22
28 57 19 53 50 47 39 22 61 31 32 69 41 32 43 33 63 64 48 57 19 23 29 65 48 20 47 57 39 45 30 31 55 44 26 48 46 52 40 43 44 18 48 33 40 31 48 51 22 12 64 34 46 35 21 55 21 56 36 40 65 59 62 19 42 40 44 53 30 12 59 32 9999 46 45 17 19 14 60 49
61 43 29 65 14 20 66 15 25 69 68 63 44 45 57 58 54 61 30 69 20 41 44 52 61 53 69 52 21 53 17 45 42 69 37 66 32 45 63 38 58 70 29 68 62 31 66 44 12 50 21 58 43 67 52 23 64 60 53 61 44 64 70 38 69 55 44 64 20 61 41 57 20 9999 25 19 51 60 22 49
26 24 16 32 17 45 30 68 28 51 66 12 13 46 70 22 13 20 18 61 23 47 66 49 44 51 27 12 14 27 16 64 44 31 24 23 25 33 47 15 69 27 52 53 67 33 57 67 69 69 16 63 24 66 53 22 70 22 26 68 61 13 33 34 43 55 69 57 51 21 13 44 31 65 9999 56 65 47 23 43
16 36 13 68 35 21 45 63 55 67 68 19 32 15 69 65 31 43 16 25 18 21 32 63 69 37 36 24 64 53 40 15 30 40 30 45 15 61 21 15 18 39 63 52 24 28 52 58 46 20 31 23 53 51 18 43 18 46 62 34 40 65 54 17 44 38 38 47 28 30 47 65 30 31 52 9999 54 45 56 31
15 25 19 61 42 35 66 49 59 39 41 64 42 49 51 19 21 23 52 63 55 43 48 20 28 44 68 40 15 13 37 19 14 20 70 23 70 22 26 27 21 16 43 62 16 68 56 57 70 43 52 55 25 55 20 30 27 44 35 57 67 32 41 58 68 12 15 22 70 39 67 56 29 62 38 17 9999 28 46 43
21 46 52 34 70 25 64 13 35 16 33 12 48 65 20 50 32 65 25 41 13 19 16 65 27 22 15 28 52 34 52 58 68 33 50 36 58 30 40 27 22 60 44 56 23 19 69 68 58 42 57 28 36 65 69 27 65 39 51 54 42 67 26 34 28 38 39 51 17 64 27 57 63 49 21 15 43 9999 35 39
41 12 16 31 37 47 15 30 57 13 33 46 12 61 64 25 13 50 50 54 19 55 17 60 37 55 40 25 63 59 30 36 30 55 63 32 63 67 46 56 64 66 55 15 26 43 29 34 35 68 64 62 13 15 30 29 39 32 39 20 19 19 18 66 44 63 68 18 43 66 70 68 35 16 12 37 18 14 9999 66
42 59 42 40 15 20 65 52 59 58 13 67 31 52 41 38 64 18 20 21 48 53 61 53 49 19 65 31 41 23 19 70 43 25 60 46 15 21 23 18 13 20 67 66 51 37 16 43 60 12 64 18 27 35 44 47 33 27 31 60 42 29 69 35 16 43 16 57 12 30 18 44 27 35 48 38 44 54 65 9999
