NAME: atsp50_75
COMMENT:
DIMENSION: 50
EDGE_WEIGHT_TYPE: EXPLICIT
EDGE_WEIGHT_FORMAT: FULL_MATRIX
EDGE_WEIGHT_SECTION
9999 32 33 48 54 45 70 61 49 40 51 57 61 35 65 42 57 61 33 58 43 43 71 56 60 50 43 47 48 57 63 59 62 46 40 32 73 57 43 48 54 65 70 43 38 64 39 42 74 38
72 9999 68 70 74 73 47 37 66 39 30 34 54 66 64 31 36 51 31 55 32 42 62 47 65 42 43 38 75 55 36 42 41 43 68 37 48 44 45 55 67 49 42 34 37 51 35 67 49 61
64 58 9999 59 68 43 39 63 72 46 71 74 63 61 31 35 48 51 58 70 45 58 65 52 42 35 45 65 67 73 41 33 42 50 49 35 31 68 60 64 62 64 52 51 41 72 68 42 32 48
41 52 38 9999 71 39 55 72 44 48 75 31 69 55 46 32 53 60 73 51 30 39 59 36 44 52 75 75 68 41 31 32 51 49 65 35 75 40 51 33 39 55 67 57 62 60 31 70 68 71
47 66 72 45 9999 75 72 52 33 62 61 36 72 54 51 67 57 49 38 70 48 45 30 32 68 33 39 75 70 43 51 70 55 32 47 62 38 59 30 39 32 75 75 47 73 42 68 49 39 67
73 32 56 50 41 9999 40 50 61 70 30 30 73 75 38 53 57 62 41 61 51 49 50 64 71 55 54 53 32 49 31 48 62 38 74 40 64 50 57 52 41 72 38 68 55 54 73 59 62 57
40 43 67 66 69 66 9999 65 59 68 72 63 73 68 35 42 66 42 54 74 43 74 56 73 39 63 62 55 46 69 66 37 67 52 73 59 30 37 53 75 30 45 68 41 52 37 46 66 49 32
38 42 55 46 50 33 65 9999 64 34 66 50 40 37 70 56 30 38 41 43 58 64 61 72 51 44 63 60 67 63 43 75 30 57 33 43 73 45 71 45 57 52 36 64 62 73 39 60 39 75
72 58 31 64 63 75 50 36 9999 74 36 46 68 66 30 37 42 62 46 44 40 35 38 69 30 54 75 47 62 62 72 38 64 45 44 47 69 69 60 74 75 55 40 54 68 61 33 31 62 52
58 45 59 41 68 73 60 49 52 9999 44 64 56 50 49 41 31 42 74 75 54 47 52 53 48 35 42 32 75 66 39 68 67 35 54 47 68 61 52 41 57 64 33 30 54 54 44 72 62 33
39 70 52 38 33 66 63 48 57 64 9999 67 62 71 59 36 34 66 60 58 54 63 66 32 36 72 72 54 61 68 70 66 67 52 55 72 52 41 63 37 41 57 42 58 40 57 49 58 74 74
51 67 33 64 66 38 35 69 57 31 50 9999 66 63 41 35 58 46 51 64 31 36 50 65 31 67 36 49 41 57 75 47 35 73 68 43 56 39 40 49 64 62 45 56 61 44 37 53 71 72
31 42 69 54 35 53 59 44 63 66 61 61 9999 65 39 75 30 41 34 74 39 51 44 69 59 30 48 34 48 44 63 36 62 30 36 43 66 43 57 70 31 62 39 55 49 64 70 72 66 64
58 43 75 70 74 43 33 60 42 38 63 37 55 9999 31 69 68 35 30 54 36 61 42 58 54 38 46 35 49 43 33 74 56 35 60 73 45 57 37 37 62 56 56 66 72 60 31 55 61 61
36 50 64 45 70 50 50 62 32 72 37 48 31 60 9999 67 36 41 51 49 45 73 69 65 62 47 43 40 57 56 74 52 64 51 61 49 33 44 50 73 46 34 39 41 69 62 67 73 30 37
33 65 50 55 66 75 33 61 35 58 41 40 41 73 41 9999 39 49 60 71 75 57 75 35 47 52 71 64 48 74 52 72 72 65 55 35 72 66 68 58 49 30 64 62 40 48 70 43 75 50
39 55 47 69 64 30 47 55 64 30 44 56 59 39 66 64 9999 75 56 42 70 51 43 68 32 55 54 39 40 51 53 54 48 54 57 36 60 32 31 50 63 61 75 62 68 64 59 75 43 30
37 46 53 75 42 42 70 68 69 61 69 58 37 51 32 48 68 9999 66 58 67 56 40 52 65 37 67 42 52 73 73 73 63 72 69 61 32 35 63 30 58 59 69 62 73 34 47 54 61 45
75 68 47 55 38 40 33 47 52 33 45 62 63 68 71 68 55 51 9999 37 53 50 60 34 53 45 50 66 46 62 54 44 49 51 63 63 40 63 46 30 36 55 70 49 34 60 68 58 35 31
32 48 43 33 63 32 47 67 66 39 41 39 37 47 35 49 56 71 41 9999 47 34 73 43 59 36 37 56 39 66 59 39 45 51 60 50 53 43 56 42 63 70 50 41 66 53 44 37 57 64
36 43 61 38 62 58 35 68 60 56 51 61 66 36 32 35 69 53 75 67 9999 37 74 41 65 63 64 49 44 72 50 56 32 46 59 68 48 50 47 49 46 36 68 32 33 50 57 70 71 69
49 53 33 62 52 68 69 58 39 58 32 46 37 41 44 53 39 38 52 65 65 9999 75 32 55 54 66 44 45 36 58 47 60 75 64 31 41 31 75 50 65 33 38 35 64 40 42 47 35 53
38 68 31 67 74 67 34 74 30 69 57 75 43 44 30 41 33 57 38 55 41 33 9999 61 55 64 38 33 43 45 56 39 52 44 63 53 50 32 34 59 64 44 40 53 33 60 58 55 33 63
68 33 30 39 33 48 61 56 48 42 48 35 52 59 36 63 59 73 32 52 36 43 45 9999 55 54 63 70 59 70 56 47 48 53 75 34 75 67 60 56 54 51 50 32 47 74 59 65 36 51
50 62 73 73 68 44 60 72 49 56 44 52 70 74 33 41 45 72 34 60 54 49 54 59 9999 52 73 37 69 35 56 31 67 45 52 39 59 35 42 51 62 68 68 49 55 41 56 65 50 30
49 65 43 75 59 42 67 35 75 35 71 42 43 75 64 35 74 52 59 70 75 33 66 51 73 9999 55 72 35 33 34 31 47 38 66 61 56 62 33 30 46 56 62 51 53 44 74 31 67 41
54 61 71 38 53 56 54 63 55 63 30 57 66 41 64 31 67 58 47 73 45 66 73 40 69 62 9999 67 50 36 39 72 38 39 57 46 50 56 64 32 63 54 42 54 45 37 64 63 61 46
57 47 64 30 57 71 40 42 74 57 64 56 36 66 36 69 67 40 49 67 63 56 58 59 50 46 49 9999 73 63 37 47 75 39 38 37 72 34 42 58 50 67 75 73 73 68 65 34 48 67
38 64 71 49 67 75 47 74 68 36 53 69 34 38 40 38 60 70 66 46 74 66 41 60 69 49 45 57 9999 67 38 51 71 73 39 47 51 49 31 69 60 53 65 36 56 39 71 39 58 32
51 33 44 38 34 42 69 32 49 61 44 42 40 55 50 38 58 73 57 59 37 45 65 65 65 62 45 30 58 9999 44 45 74 66 56 46 35 39 51 63 72 34 69 72 47 49 51 59 31 70
41 71 32 60 69 68 33 63 35 53 49 30 55 66 53 52 55 53 40 35 62 49 64 66 63 45 40 35 41 45 9999 52 70 59 52 35 35 30 50 33 70 41 32 72 65 48 40 39 48 38
57 66 70 49 62 44 72 35 58 44 52 37 41 54 37 75 37 32 65 37 37 48 41 56 44 52 37 74 60 62 62 9999 46 59 56 65 73 69 50 58 65 70 47 74 73 55 75 48 42 74
68 73 57 74 63 33 52 70 45 37 33 30 49 59 46 57 75 48 63 73 54 71 68 43 47 70 64 46 53 36 57 50 9999 63 32 61 46 41 30 73 60 54 32 47 41 54 73 66 71 74
39 64 68 74 32 63 47 65 56 67 72 47 73 32 31 34 47 67 32 64 64 34 45 43 66 32 35 37 67 44 43 74 52 9999 67 72 52 70 37 74 34 30 49 60 59 38 67 62 53 65
38 72 48 58 45 68 72 71 44 35 68 33 66 71 72 32 74 41 41 51 63 59 41 63 56 35 44 71 65 53 75 56 60 53 9999 53 49 69 69 58 73 53 47 75 54 64 38 32 44 56
34 51 31 74 58 44 36 52 45 33 48 51 35 59 41 67 62 59 34 51 38 44 43 30 50 39 72 47 73 36 45 71 42 67 41 9999 48 32 64 54 52 66 51 70 75 50 40 67 39 68
30 61 45 40 60 59 67 43 51 42 72 31 38 43 50 70 31 70 68 38 59 39 59 42 50 75 65 40 60 49 55 48 44 59 64 70 9999 71 55 50 50 65 35 71 36 60 49 70 44 48
57 56 44 32 40 63 35 65 31 56 47 44 56 54 56 44 65 42 61 61 31 51 38 36 71 42 62 32 62 62 30 42 38 66 33 65 63 9999 43 35 56 74 37 41 63 45 41 36 50 38
57 73 63 33 62 57 73 65 30 67 64 35 54 52 39 50 46 50 61 45 59 65 31 59 37 33 37 75 41 52 71 69 42 72 57 40 46 43 9999 42 40 65 34 52 48 58 54 63 55 66
50 36 30 31 55 62 71 37 52 60 30 43 71 62 40 66 56 64 44 71 63 32 33 32 49 36 50 36 62 73 44 44 62 30 34 42 65 68 52 9999 43 43 30 36 35 46 66 64 53 47
68 71 33 33 47 68 68 49 64 61 41 64 36 72 57 61 33 72 46 33 66 71 35 44 34 32 64 61 73 60 39 51 67 72 48 62 54 46 57 50 9999 41 70 39 57 47 53 30 37 38
72 44 54 58 31 54 52 57 44 65 56 72 74 65 72 67 30 62 63 57 65 35 47 47 38 61 54 46 58 42 34 30 50 31 38 45 45 46 32 66 49 9999 72 66 47 59 65 58 54 50
37 44 60 53 33 68 74 49 70 34 59 55 44 47 55 32 47 46 32 68 72 43 33 59 36 51 48 53 33 51 58 40 45 66 40 35 31 40 34 57 37 49 9999 59 57 66 43 43 59 57
49 51 67 36 39 30 48 59 60 41 64 43 69 53 71 42 33 49 43 56 65 42 45 46 63 37 52 30 65 39 40 62 31 51 64 59 48 36 34 46 32 55 40 9999 57 52 32 39 37 44
57 47 41 68 58 73 55 57 35 52 45 67 68 73 44 69 64 52 30 48 59 70 67 40 45 34 51 51 69 65 55 60 30 74 70 39 71 45 52 56 56 30 42 55 9999 36 31 54 59 36
44 48 60 38 50 66 50 74 61 30 72 50 56 33 33 45 42 42 73 68 70 60 58 38 32 60 48 38 40 63 39 68 54 51 31 30 64 49 56 31 59 34 37 33 62 9999 64 45 48 50
57 34 56 65 57 40 74 49 61 74 44 50 59 47 60 61 62 40 63 44 70 46 55 31 36 46 39 42 66 50 50 59 70 36 46 35 62 74 75 56 75 73 48 58 58 50 9999 68 69 55
36 60 54 35 74 67 65 50 58 50 63 46 67 61 54 48 30 48 54 61 32 43 63 56 34 68 34 63 48 64 52 61 49 69 46 58 65 74 34 75 37 50 46 32 50 64 59 9999 45 54
38 54 39 70 61 52 49 48 38 57 47 37 38 49 75 39 40 57 64 47 37 75 72 59 48 34 70 62 62 58 35 58 37 47 58 67 74 50 52 52 72 50 52 33 73 53 34 48 9999 51
60 49 74 53 51 59 72 30 73 65 60 31 61 41 60 61 37 74 51 43 56 56 50 59 49 30 66 53 32 73 69 53 42 47 31 63 65 39 45 58 61 70 55 47 59 67 31 64 33 9999
