NAME: atsp60_100
COMMENT:
DIMENSION: 60
EDGE_WEIGHT_TYPE: EXPLICIT
EDGE_WEIGHT_FORMAT: FULL_MATRIX
EDGE_WEIGHT_SECTION
9999 59 37 32 33 72 91 54 54 52 67 25 43 70 53 29 38 69 35 100 41 98 62 88 54 48 99 83 31 50 59 79 32 86 62 72 80 73 26 81 55 67 86 70 83 71 57 64 71 33 62 47 39 91 32 91 94 37 25 50
90 9999 75 98 75 36 59 26 77 56 85 40 64 33 33 63 42 84 35 84 44 98 90 73 70 40 49 92 62 72 100 68 62 89 90 50 42 29 48 43 79 47 30 60 27 36 97 88 97 58 95 98 57 61 28 82 62 42 70 39
44 82 9999 98 25 77 38 66 57 33 39 42 97 49 59 73 70 60 85 47 45 88 93 47 63 90 49 31 28 83 43 83 78 47 81 45 75 73 84 60 36 53 38 75 88 37 87 32 45 45 74 97 78 64 66 26 36 77 59 85
55 62 45 9999 78 95 75 96 99 27 89 93 32 95 28 42 37 90 69 54 41 99 73 55 69 83 60 32 37 94 31 62 76 84 45 26 81 92 50 52 67 42 43 36 38 35 77 59 43 59 70 72 33 43 39 48 28 82 46 92
25 65 69 75 9999 63 47 47 69 96 60 62 26 52 93 58 40 34 27 27 72 79 56 47 89 77 77 84 86 49 30 93 50 52 88 64 31 66 80 35 75 31 64 49 98 37 93 30 83 86 72 73 95 57 50 54 84 88 39 76
67 77 35 42 47 9999 83 86 44 30 90 29 56 97 93 89 71 66 35 29 92 75 76 26 32 95 77 40 35 25 88 32 76 52 27 62 64 54 57 80 50 83 26 36 38 29 38 82 30 31 26 93 31 81 81 77 61 62 49 83
74 30 60 53 100 53 9999 66 44 76 74 64 90 77 40 54 33 77 37 77 89 94 81 41 83 91 87 71 69 69 64 73 99 40 95 50 89 31 44 56 28 95 64 31 91 75 29 31 84 40 63 89 92 51 72 93 86 54 72 89
88 42 82 30 88 34 69 9999 43 61 74 44 75 74 82 70 62 52 65 34 44 48 37 65 50 58 93 36 34 52 67 46 40 80 83 38 85 65 72 79 32 61 69 32 41 43 94 48 97 25 66 95 30 64 62 67 64 79 72 95
75 49 57 68 90 85 71 76 9999 26 41 62 48 32 94 78 84 59 93 36 97 51 94 50 74 25 87 65 67 83 47 55 59 47 76 78 99 81 47 45 47 69 32 29 43 73 39 41 52 36 40 30 59 37 54 53 64 99 97 56
61 29 64 98 27 30 89 98 49 9999 100 87 41 47 53 29 86 98 92 67 90 56 61 69 52 54 81 91 58 93 57 81 60 96 32 42 42 95 99 64 31 75 41 74 99 69 94 68 73 87 55 84 92 63 98 63 62 63 71 94
57 44 25 29 47 83 92 90 79 66 9999 46 67 54 87 93 63 91 33 35 38 86 56 70 90 33 94 64 98 36 53 52 28 27 66 37 91 54 53 53 97 34 58 80 64 54 82 39 45 100 99 31 58 73 64 64 37 38 49 41
62 95 61 53 36 46 63 30 99 97 94 9999 41 58 68 88 61 35 51 88 64 51 93 91 71 36 43 67 83 68 64 69 76 41 99 100 81 58 33 97 84 69 88 99 56 70 46 63 72 81 33 30 68 71 76 41 38 25 55 25
44 39 60 49 35 62 85 35 27 74 29 100 9999 43 73 92 37 52 92 65 76 50 58 63 34 28 50 72 68 47 41 39 84 88 86 62 68 72 30 83 100 46 62 28 92 93 34 44 75 25 67 87 61 99 91 39 39 45 48 94
56 40 76 93 91 85 91 34 91 83 64 52 50 9999 39 57 29 44 98 97 25 98 71 70 73 99 56 60 81 96 61 59 65 41 75 61 77 58 83 54 35 30 70 56 35 26 71 98 100 100 48 29 98 67 35 51 95 74 52 47
73 31 37 48 81 30 82 87 91 44 100 82 74 72 9999 54 99 27 67 91 68 76 86 28 37 44 26 99 74 97 58 61 47 63 52 46 35 79 25 32 92 92 90 98 80 25 51 57 73 40 75 97 37 25 67 92 25 62 82 46
100 47 97 75 38 41 26 45 87 88 95 91 85 97 63 9999 43 27 98 67 90 84 54 29 48 51 61 30 78 93 93 77 80 57 74 51 86 94 78 80 29 53 25 66 77 41 45 61 45 52 36 35 44 26 44 63 83 40 32 55
30 100 50 83 27 56 29 43 25 57 90 67 68 46 36 75 9999 52 46 53 59 65 68 58 42 42 26 40 63 90 42 81 98 38 49 47 98 42 95 42 82 54 35 52 98 72 37 51 46 84 98 74 28 87 90 26 55 68 27 89
75 52 27 27 29 72 44 78 96 100 90 67 55 58 80 26 85 9999 68 60 97 93 56 85 72 27 25 69 97 64 79 26 52 85 82 37 82 67 39 100 63 63 99 93 97 36 80 40 35 95 80 27 99 46 45 31 88 72 60 32
31 91 99 78 68 55 61 97 100 96 91 51 37 26 45 42 60 39 9999 62 72 94 70 98 85 71 45 72 77 79 87 27 71 79 80 58 95 50 90 28 34 74 48 36 90 70 44 44 29 66 88 40 54 27 56 68 25 99 50 90
52 43 25 45 86 37 26 55 55 77 26 39 75 83 87 29 98 36 97 9999 38 79 64 29 40 48 47 35 53 28 80 40 53 86 71 38 74 26 87 97 100 73 41 51 73 34 88 55 72 86 31 68 89 90 29 28 25 37 77 50
48 66 52 83 74 37 52 78 75 62 97 38 27 85 26 79 35 51 46 55 9999 100 99 60 35 73 29 82 27 87 97 65 45 82 90 35 95 83 33 80 28 37 97 28 50 76 40 95 84 66 98 89 28 70 40 81 90 88 26 67
64 44 74 98 100 74 99 86 29 60 64 61 95 54 96 42 49 64 82 61 89 9999 83 86 71 88 100 35 55 64 38 36 44 36 72 94 35 55 93 45 96 74 71 99 51 66 40 46 84 47 87 35 65 34 38 70 86 71 99 76
87 70 51 49 67 76 29 34 34 54 35 33 85 27 99 61 25 40 63 25 68 52 9999 60 66 90 90 84 31 37 95 73 70 55 95 28 98 83 91 62 91 70 61 57 33 64 30 61 94 71 36 36 54 26 35 36 78 78 25 45
37 71 74 91 75 25 34 72 33 61 81 98 51 85 82 51 96 56 86 91 60 42 25 9999 43 56 98 58 64 71 30 84 43 49 99 100 78 73 45 27 81 25 88 30 40 84 37 45 75 47 91 70 95 65 30 29 50 96 61 97
85 56 87 59 42 100 53 68 27 89 99 34 37 74 47 99 31 25 36 91 35 60 32 27 9999 73 41 64 59 74 88 75 81 43 81 74 31 91 58 34 38 58 40 55 90 56 100 25 27 38 71 93 47 85 94 62 65 89 92 51
44 84 91 38 52 67 96 48 97 67 31 25 95 53 61 27 70 50 68 72 89 93 74 32 76 9999 74 70 86 81 47 86 93 93 61 66 70 61 95 44 50 36 70 66 67 67 58 34 63 60 55 25 66 62 47 31 80 78 30 85
95 84 56 72 64 73 86 44 69 72 48 90 48 32 56 29 62 81 57 63 54 51 43 97 53 34 9999 80 69 59 80 78 43 26 66 73 38 61 26 32 91 60 39 79 38 44 49 57 81 93 42 56 53 64 94 69 56 75 36 88
98 51 69 85 58 93 81 31 95 39 63 38 49 82 43 52 54 47 42 43 87 77 62 69 25 36 25 9999 54 37 50 70 79 98 81 100 77 41 87 84 40 68 41 82 76 86 38 51 93 66 61 32 44 89 75 85 91 37 71 86
61 43 33 49 82 26 35 37 92 48 83 75 47 96 82 45 45 47 31 67 72 93 30 40 62 85 70 40 9999 94 27 25 44 98 60 73 61 54 61 27 80 58 80 87 46 90 91 67 96 59 94 63 55 63 32 54 86 83 85 32
55 67 27 39 32 42 99 84 36 84 48 64 51 32 31 62 71 98 92 61 86 90 37 33 76 81 87 87 88 9999 85 64 57 90 61 83 34 27 64 72 29 39 79 56 76 47 54 83 94 44 84 41 28 88 95 73 71 33 99 46
91 39 45 69 30 35 76 52 38 85 39 77 37 29 55 99 42 32 76 68 99 39 42 97 29 52 30 52 98 81 9999 55 100 87 63 92 76 28 74 64 79 68 42 70 93 75 90 68 30 30 92 84 35 46 98 63 32 30 35 70
74 51 69 96 47 60 75 57 57 73 84 64 73 68 67 66 77 35 98 91 35 38 31 43 36 52 31 96 77 74 27 9999 28 77 50 97 63 39 80 49 47 84 68 90 43 87 69 82 30 42 28 29 25 26 97 67 66 64 96 86
35 73 35 91 100 44 76 57 88 64 58 43 46 46 55 87 90 61 90 76 100 44 82 98 72 67 94 93 99 57 87 87 9999 81 95 40 61 97 79 81 55 77 29 58 35 63 97 33 70 52 35 52 74 72 44 43 91 79 55 27
34 53 74 36 41 98 27 99 50 91 36 66 98 47 26 82 80 65 98 71 92 79 53 82 93 71 28 46 72 68 44 92 89 9999 91 75 97 66 30 88 85 58 37 57 87 43 89 63 86 46 61 92 58 90 64 71 50 67 41 41
55 42 83 35 82 87 76 35 84 44 80 63 56 38 72 87 72 60 61 63 73 72 34 62 69 39 65 97 64 68 91 40 78 30 9999 97 32 94 52 56 79 78 75 40 53 28 84 57 85 51 27 44 69 87 76 52 74 32 48 59
56 28 92 56 86 58 53 54 32 77 53 30 31 86 39 76 30 71 45 90 49 54 33 68 58 75 41 30 64 37 82 43 65 40 58 9999 49 95 36 48 100 31 29 68 53 60 28 57 54 27 85 77 77 36 70 46 74 69 25 67
73 77 83 83 36 73 90 83 39 56 86 98 34 46 55 99 51 53 98 49 58 68 80 48 90 31 53 99 51 32 76 65 68 58 27 76 9999 74 96 41 54 60 27 29 39 50 79 69 43 82 51 43 29 36 67 89 87 41 48 83
38 98 55 65 41 63 39 97 43 62 94 92 65 85 69 31 76 87 49 73 29 77 92 42 98 74 28 70 49 31 84 65 68 63 46 76 44 9999 26 41 93 93 69 84 30 48 54 75 49 53 26 32 88 89 26 34 59 64 75 28
79 46 99 96 67 76 65 29 81 83 25 89 45 84 79 66 69 92 71 82 36 80 35 29 42 28 51 49 35 58 94 55 38 54 80 95 80 28 9999 90 44 26 41 59 35 35 60 30 62 55 43 43 98 76 92 32 42 34 89 93
39 49 100 70 26 33 62 50 73 75 45 98 80 55 89 27 28 81 25 69 40 96 52 56 75 76 64 63 35 65 95 54 29 44 93 61 35 26 34 9999 26 89 90 29 78 32 51 53 73 52 45 64 90 89 57 90 79 73 78 92
73 78 76 32 28 73 96 41 48 87 40 50 96 38 96 29 74 81 52 82 68 96 39 44 44 36 28 64 88 80 46 100 69 48 68 66 34 74 34 44 9999 92 32 67 96 87 62 34 31 66 29 42 98 77 44 79 100 82 55 65
89 78 58 58 95 48 83 85 26 65 56 27 65 85 33 39 67 61 85 65 52 65 28 30 82 75 56 71 27 36 27 70 94 92 65 40 91 28 52 42 65 9999 50 30 37 46 95 43 58 36 73 48 36 95 25 77 97 54 37 66
48 51 25 45 46 57 85 29 35 69 95 78 48 86 38 77 68 67 69 95 74 63 75 28 55 37 84 57 83 49 92 59 76 56 51 97 54 52 90 43 88 75 9999 62 39 30 36 95 72 73 99 62 68 61 49 87 56 89 32 79
76 85 66 45 71 84 30 74 92 51 49 91 38 89 36 42 93 74 74 43 96 60 73 63 64 97 43 78 91 90 60 99 27 83 47 98 88 28 48 91 90 81 53 9999 93 31 65 90 64 86 78 68 31 92 51 85 39 90 94 70
77 72 45 78 48 65 55 55 68 63 87 88 99 41 36 38 64 47 32 80 95 91 93 48 94 42 82 88 58 40 77 80 69 49 50 51 92 86 54 39 80 84 91 54 9999 44 38 84 92 57 45 48 90 85 97 33 60 80 67 96
32 37 78 62 68 36 52 62 39 87 58 62 63 42 38 44 56 25 67 86 64 42 63 31 64 79 98 39 74 65 49 59 50 65 85 71 88 59 42 36 70 94 35 97 28 9999 39 32 52 94 82 90 76 51 54 70 47 52 87 36
95 71 38 32 75 94 88 61 69 39 79 81 98 41 97 44 31 55 73 69 51 87 90 54 93 95 51 74 55 31 29 61 41 32 66 79 60 41 95 70 82 51 87 28 78 60 9999 70 76 45 84 84 60 48 60 83 36 65 55 79
59 85 39 34 77 42 98 76 54 95 35 61 29 87 96 30 88 99 50 90 99 90 84 90 55 66 33 27 63 86 45 86 60 48 85 100 66 80 44 30 63 96 41 27 66 52 28 9999 49 80 61 33 60 77 56 81 32 59 47 81
62 52 92 40 63 43 45 29 82 43 72 69 78 72 40 70 53 81 51 38 36 79 39 66 50 54 84 51 76 93 74 63 94 62 95 50 28 97 91 27 50 66 90 55 73 37 57 46 9999 77 66 25 25 43 32 60 41 91 77 25
65 31 52 37 99 87 63 68 36 28 33 37 46 58 97 67 86 61 69 62 87 87 65 97 51 88 59 48 70 32 63 49 59 47 40 31 65 35 95 89 70 98 57 49 84 51 53 56 73 9999 30 55 34 53 88 83 39 71 41 93
42 82 28 93 71 35 64 43 87 85 89 82 52 90 79 85 26 61 50 59 46 36 59 54 71 69 29 30 65 84 56 44 44 43 40 50 61 96 100 54 80 40 27 53 75 52 80 47 42 47 9999 55 69 65 36 72 66 35 92 50
27 55 48 92 25 49 70 38 37 66 39 91 98 32 34 35 26 87 32 58 52 31 84 25 83 79 54 32 80 79 79 88 32 92 50 75 91 31 73 84 91 89 44 44 59 99 39 46 83 85 76 9999 89 78 39 85 58 99 99 34
96 100 41 70 40 61 99 49 43 91 66 49 89 43 68 43 63 64 92 39 52 25 26 67 78 41 64 65 28 52 62 27 41 56 37 42 51 48 47 74 31 47 29 86 94 100 81 50 39 61 74 61 9999 96 86 66 75 70 61 63
68 41 54 53 94 26 71 56 89 59 87 65 67 35 56 25 90 84 100 31 35 71 48 71 69 58 68 27 43 49 83 26 62 88 91 53 91 81 37 56 34 66 51 41 35 93 64 73 66 29 78 98 95 9999 56 29 86 85 44 49
27 86 33 60 85 94 44 45 88 36 70 61 100 69 36 86 31 51 34 81 48 27 88 26 44 62 93 50 99 89 90 46 93 76 64 87 60 56 40 50 76 31 35 73 51 90 93 28 69 44 45 74 68 30 9999 45 83 71 93 74
42 73 82 85 52 88 29 39 100 25 80 69 94 70 34 91 49 31 98 60 38 68 34 37 62 93 75 30 25 79 99 61 34 94 90 61 71 55 76 92 32 34 40 50 34 42 35 49 90 84 97 79 78 91 27 9999 98 92 70 96
49 86 51 98 33 37 74 67 67 30 27 93 77 57 89 98 44 86 26 90 83 49 30 75 85 88 54 99 65 78 99 98 44 36 94 96 60 57 68 81 43 71 52 90 50 62 87 87 98 52 88 70 51 65 54 72 9999 80 66 42
87 41 45 75 51 34 26 91 60 42 47 73 54 41 40 72 48 91 90 56 86 36 45 89 48 29 40 29 92 68 53 30 74 89 33 54 50 70 49 75 57 89 88 61 38 90 91 77 80 66 98 85 44 54 79 84 77 9999 42 32
56 94 79 36 28 55 100 63 74 68 83 41 26 54 41 30 78 84 27 67 58 86 97 69 28 53 62 80 80 82 92 51 41 68 73 26 45 29 87 48 64 67 84 59 29 31 65 61 49 49 98 66 69 71 57 76 95 45 9999 94
39 51 82 84 64 34 75 56 38 60 51 89 64 34 58 47 84 79 47 50 53 94 47 79 99 68 26 34 92 78 37 93 27 25 97 48 99 94 44 75 84 95 55 61 54 50 31 28 30 26 33 90 42 68 65 60 86 84 43 9999
