NAME: atsp70_100
COMMENT:
DIMENSION: 70
EDGE_WEIGHT_TYPE: EXPLICIT
EDGE_WEIGHT_FORMAT: FULL_MATRIX
EDGE_WEIGHT_SECTION
9999 45 71 69 69 34 64 40 24 60 87 61 70 47 89 12 81 52 96 14 52 49 28 57 94 82 97 9 91 92 58 99 91 46 96 73 41 74 69 58 72 42 11 99 48 72 15 71 71 80 38 52 15 70 9 31 52 100 20 81 46 67 31 11 13 80 37 64 96 37
56 9999 97 27 9 14 89 27 40 56 59 27 14 53 65 70 46 74 44 41 56 50 65 99 82 79 24 9 33 44 96 75 45 36 54 93 37 88 99 73 18 85 38 68 83 18 85 87 53 30 27 40 21 12 58 48 90 46 60 34 89 12 68 53 34 61 51 11 33 64
80 60 9999 84 92 95 100 61 12 51 60 38 52 70 100 61 51 42 27 23 33 25 76 82 34 32 94 73 91 74 66 21 20 95 43 67 100 51 22 70 31 42 13 79 66 89 73 55 22 89 19 84 93 30 92 39 61 64 66 87 61 76 21 57 76 18 57 63 44 52
82 48 67 9999 15 70 17 31 14 82 31 60 79 84 61 15 10 40 53 75 45 18 14 88 18 81 44 66 66 10 47 52 65 40 78 47 32 35 48 39 94 69 75 70 36 83 43 40 89 74 52 41 99 64 34 16 89 80 58 50 36 43 68 75 52 100 62 69 23 45
51 48 17 76 9999 96 16 68 32 89 82 91 85 34 36 75 93 24 65 53 97 48 16 78 28 48 48 58 64 76 22 65 95 44 43 15 63 69 31 24 73 86 63 61 75 73 89 90 54 74 68 11 64 35 17 33 35 94 14 48 74 80 71 93 81 28 23 35 67 59
21 39 42 92 95 9999 70 51 81 39 39 89 10 67 33 53 28 42 93 90 74 43 57 20 78 53 16 12 31 29 74 22 50 49 39 94 20 75 27 60 14 47 22 27 26 59 84 58 32 97 75 58 76 38 24 18 98 87 91 53 13 43 47 70 16 15 34 97 43 26
59 12 66 52 44 24 9999 44 46 13 26 29 19 82 71 90 39 99 93 53 20 86 76 60 33 23 77 45 90 71 93 38 43 24 45 18 39 57 29 53 33 92 85 81 67 94 12 11 54 65 86 47 14 22 83 83 62 22 65 78 71 87 88 16 9 87 74 26 95 100
32 68 32 33 50 75 64 9999 13 44 10 52 72 17 46 10 85 12 89 96 63 62 35 13 62 13 25 73 40 76 28 75 38 69 34 79 99 61 75 90 89 83 22 57 89 61 15 95 12 60 40 42 36 68 12 21 100 18 20 48 16 23 35 14 93 26 67 92 11 17
26 56 70 86 27 83 72 51 9999 63 14 99 82 73 70 34 48 40 33 39 41 72 62 54 55 71 18 54 82 74 43 13 29 42 12 67 82 11 25 86 87 16 80 29 41 70 97 99 85 100 37 61 78 78 64 36 20 42 74 54 60 62 55 16 97 52 58 49 46 38
36 40 24 92 37 76 11 78 57 9999 96 91 70 9 88 9 21 19 72 42 29 34 97 38 64 37 24 32 76 89 27 67 93 62 27 26 95 95 33 32 17 9 51 35 78 87 35 89 9 78 26 19 81 79 73 26 14 20 44 12 70 22 77 63 68 30 40 82 45 23
78 13 44 52 80 95 54 24 26 25 9999 47 87 65 82 53 86 60 46 74 58 65 67 52 92 78 96 18 71 57 81 35 45 63 12 82 78 73 59 28 15 39 51 58 9 29 81 52 19 42 29 50 88 16 14 73 16 26 47 32 60 75 61 35 69 28 73 23 89 26
49 63 59 95 100 45 88 12 9 57 28 9999 24 39 79 31 36 58 92 28 36 30 30 75 80 33 81 39 76 9 17 82 71 91 76 48 19 55 74 70 46 35 88 42 36 91 59 22 16 19 56 32 35 39 64 22 77 37 95 44 19 29 71 24 14 56 94 54 94 17
48 62 84 74 34 97 27 17 21 15 11 44 9999 27 31 70 57 37 63 43 95 58 28 64 70 58 45 88 68 95 51 56 100 71 10 88 69 94 37 22 75 34 50 41 99 67 65 33 25 44 100 21 91 40 90 92 58 64 65 73 60 76 28 83 88 85 10 38 69 95
94 76 21 49 87 11 70 9 97 29 28 41 80 9999 15 67 25 74 44 85 27 44 97 57 62 28 90 69 86 30 92 56 44 14 61 62 35 48 58 20 25 94 41 46 30 36 99 70 21 66 82 10 62 22 49 88 39 43 10 41 41 79 68 62 89 48 28 25 14 71
84 83 68 46 83 90 51 46 90 87 52 54 68 87 9999 21 81 40 91 69 86 26 72 69 96 34 35 92 50 55 22 42 50 66 81 39 89 31 54 35 9 43 67 47 16 54 84 95 91 65 79 14 20 11 83 77 21 42 71 71 80 82 52 77 68 21 98 21 49 24
71 17 57 98 15 73 24 78 22 71 12 66 36 21 73 9999 35 84 82 38 9 95 35 89 70 61 73 82 22 34 40 64 54 63 41 23 85 85 44 39 88 12 26 84 95 74 33 76 9 68 34 12 63 75 12 87 12 14 17 21 21 24 61 30 73 29 48 80 73 94
96 80 76 86 33 68 40 56 11 48 18 80 73 72 94 62 9999 83 41 73 88 34 20 16 18 60 93 16 47 71 16 69 48 92 17 85 84 14 87 55 87 98 31 52 12 95 49 65 56 65 94 14 34 99 91 32 64 25 60 48 30 32 84 24 37 89 21 15 67 9
86 100 100 97 13 12 68 27 24 42 69 98 44 18 65 45 79 9999 50 14 23 10 61 21 82 97 77 74 90 89 45 93 76 94 87 23 45 26 10 42 16 71 35 98 82 29 67 67 78 9 78 98 94 29 48 16 73 10 18 14 32 37 18 36 24 57 74 54 26 99
74 12 58 59 36 27 73 56 24 52 41 78 71 34 17 70 80 31 9999 100 17 41 88 12 65 83 79 72 94 72 100 20 56 46 24 58 57 56 70 100 38 10 31 63 28 17 64 88 60 37 50 37 53 73 29 92 44 72 44 56 71 90 73 56 30 85 62 92 93 76
21 12 63 88 39 55 31 60 49 46 21 26 45 67 51 57 72 91 47 9999 55 57 9 83 41 56 79 63 94 41 9 43 10 71 64 25 88 32 65 31 94 79 94 49 50 67 73 26 47 52 62 86 74 100 96 15 13 31 71 34 85 29 42 15 52 14 70 83 27 45
48 77 58 90 35 70 35 72 67 70 54 40 51 16 59 46 69 68 92 61 9999 64 87 99 59 68 42 84 26 99 95 29 86 99 87 44 56 36 65 73 80 20 63 74 28 18 88 47 24 73 87 13 60 66 79 38 78 62 54 56 64 76 38 96 26 42 16 89 76 65
38 100 55 92 52 10 24 69 35 39 32 89 81 23 85 83 20 96 13 94 86 9999 23 18 34 79 18 38 72 51 47 86 17 14 99 86 80 98 27 13 21 69 89 71 40 82 65 18 88 80 64 50 32 60 94 81 70 22 21 69 76 61 57 34 31 17 34 93 54 43
78 88 44 29 77 70 66 83 26 9 85 54 56 56 80 87 50 25 60 31 13 36 9999 12 39 52 36 43 26 46 49 77 57 40 74 20 13 51 44 17 42 40 53 10 28 60 81 35 48 88 37 76 39 20 30 34 93 24 14 77 76 92 79 89 63 10 88 81 14 15
46 53 48 27 62 14 81 92 23 39 46 43 100 47 84 80 71 29 93 34 45 100 41 9999 11 66 77 60 54 55 26 14 74 98 87 53 41 92 57 36 42 100 79 37 83 77 26 66 75 36 66 13 86 100 71 54 95 42 95 54 73 94 82 90 75 75 86 65 31 82
57 24 48 58 10 63 50 13 90 43 68 11 31 37 94 11 47 37 87 48 12 9 61 32 9999 40 46 13 75 100 27 35 83 98 99 17 62 52 63 75 31 42 63 46 95 25 17 30 51 50 71 81 69 35 19 54 27 38 98 93 47 76 75 91 34 25 59 78 78 54
59 26 72 91 45 55 66 65 99 100 89 72 47 90 71 79 45 45 87 80 93 58 24 17 39 9999 11 18 13 21 93 44 70 56 98 90 46 40 31 41 46 19 68 100 9 9 47 91 98 80 69 98 84 69 70 60 61 93 100 12 9 80 44 47 77 15 15 58 65 84
84 90 73 63 32 57 84 66 33 98 66 16 45 34 61 51 91 19 52 71 39 82 74 55 100 95 9999 41 80 37 30 58 41 64 78 23 78 52 43 41 83 49 93 75 49 13 72 49 44 78 18 38 98 21 18 64 36 39 95 89 67 98 31 16 53 49 63 32 84 71
70 55 48 89 38 13 33 54 23 24 83 28 88 28 26 25 45 34 95 15 31 16 96 24 81 95 23 9999 13 19 77 35 12 74 42 91 69 94 19 84 60 83 61 47 59 98 28 51 54 95 89 48 73 83 95 99 41 86 70 33 96 21 64 69 84 93 84 99 66 90
23 81 62 100 87 70 13 59 55 76 88 31 23 79 96 100 95 86 85 75 67 35 80 49 30 20 34 48 9999 92 91 46 53 13 76 16 97 31 18 33 84 88 48 72 14 32 35 89 52 54 94 18 94 82 23 32 79 29 47 97 81 22 77 100 72 32 30 49 88 55
90 96 61 27 40 94 77 17 41 64 58 16 75 42 27 96 45 50 76 63 85 59 62 68 74 22 34 15 59 9999 37 14 98 27 61 81 46 82 61 88 75 38 69 38 9 56 82 73 61 77 78 22 97 9 17 82 66 35 61 47 98 34 50 20 34 35 30 73 69 75
50 89 61 55 20 82 31 61 30 47 48 77 74 15 44 72 19 45 49 28 35 24 20 66 74 79 36 12 67 14 9999 10 48 45 23 87 79 37 18 28 34 95 91 74 44 82 44 42 55 96 77 12 14 52 75 65 71 71 50 96 20 43 72 10 74 76 9 72 74 52
55 58 42 93 19 40 67 99 33 85 87 15 55 89 51 15 91 36 62 89 48 49 53 45 70 13 77 100 46 97 79 9999 37 94 97 60 40 9 38 65 98 75 39 40 83 36 88 48 98 92 87 29 35 67 37 65 26 24 94 16 29 30 100 28 96 25 38 76 25 59
23 48 25 43 24 90 43 35 35 44 13 64 21 80 49 22 80 87 84 18 61 70 69 72 34 35 98 43 90 52 23 50 9999 33 85 99 29 85 62 96 68 41 76 72 26 9 38 22 75 77 55 69 77 46 48 64 23 13 84 55 92 82 9 27 62 47 95 9 62 46
74 35 92 33 66 61 81 17 57 9 74 64 22 64 100 89 99 38 83 27 37 81 58 12 82 71 74 59 12 46 43 62 88 9999 31 12 54 26 19 18 85 55 86 61 25 32 66 27 72 53 38 28 19 28 65 44 81 83 51 44 85 46 43 73 94 89 50 91 11 40
31 86 62 79 63 48 77 11 74 50 24 10 9 97 52 59 97 71 71 66 29 94 61 40 21 52 26 17 13 76 24 18 61 20 9999 15 60 60 86 41 52 15 53 41 73 62 90 83 64 61 94 68 79 48 40 54 87 24 57 30 9 12 22 98 64 15 81 61 98 31
30 17 87 40 25 53 11 9 16 63 83 38 33 83 37 82 32 29 47 28 70 74 42 32 61 77 35 26 40 76 30 16 68 63 46 9999 80 18 36 60 97 96 62 40 38 73 76 80 13 37 82 33 35 55 67 54 64 80 46 69 20 18 53 20 67 18 96 71 98 34
60 44 28 81 57 21 24 97 80 23 62 36 83 92 34 62 76 89 43 43 20 19 39 88 70 60 69 36 52 70 72 100 22 84 61 48 9999 75 36 48 39 35 13 24 54 92 42 55 39 70 76 81 64 17 71 55 21 43 28 11 92 62 22 83 67 36 80 91 18 26
34 67 69 59 96 13 37 38 65 31 72 67 75 53 79 86 63 98 63 69 53 99 10 88 26 45 91 11 56 92 21 32 17 55 89 37 29 9999 59 42 81 66 81 12 84 11 95 55 81 23 31 65 18 14 37 73 89 63 83 68 65 94 29 96 90 52 29 16 34 100
78 27 28 82 81 12 19 94 27 15 76 71 36 86 65 29 92 45 42 80 18 99 84 25 9 67 72 24 93 22 86 50 81 90 41 19 49 25 9999 29 22 75 98 31 55 25 22 10 42 33 87 31 66 42 99 15 58 45 9 92 97 40 98 79 34 45 22 32 50 76
65 96 22 82 9 64 94 69 25 86 29 23 35 70 12 75 91 77 20 97 85 31 99 16 80 86 100 43 43 58 47 32 80 72 71 31 55 67 56 9999 22 57 80 48 87 41 71 83 53 44 10 75 81 73 46 30 14 81 45 90 45 82 35 14 37 32 50 98 79 16
31 93 89 100 85 46 83 42 90 10 29 30 71 98 73 47 12 81 85 70 22 74 81 92 62 75 11 98 76 75 61 30 23 76 75 85 15 59 30 54 9999 66 13 84 32 47 67 73 53 33 10 100 77 50 100 84 20 52 42 20 18 19 70 15 84 69 57 89 30 14
45 27 57 15 59 87 55 49 33 89 52 17 33 63 90 54 11 83 70 26 98 34 50 58 70 56 21 65 11 52 39 60 9 92 96 79 79 83 22 16 98 9999 66 15 27 70 72 69 14 56 20 24 31 29 69 73 70 78 62 50 12 33 75 55 94 28 80 16 39 84
10 52 17 24 15 53 9 45 68 63 64 18 14 24 92 44 44 54 89 12 34 16 74 90 29 9 60 84 48 79 27 10 17 76 69 75 52 43 32 29 80 42 9999 75 95 35 35 40 83 65 15 26 54 79 91 63 43 54 24 40 88 42 67 54 97 97 62 42 67 83
93 45 12 66 100 31 36 49 57 50 84 79 34 90 73 15 44 21 47 98 22 92 86 60 90 97 70 91 78 100 38 10 79 34 13 25 15 85 88 43 35 96 99 9999 44 18 95 94 47 87 10 93 73 27 23 49 80 63 65 59 85 93 10 23 73 46 81 19 9 73
52 90 15 18 37 44 31 85 57 59 69 14 14 75 64 60 100 57 88 77 19 28 66 11 37 28 67 91 90 74 41 39 91 9 24 95 66 17 36 85 59 74 29 42 9999 52 41 58 77 60 47 66 92 100 38 25 32 43 39 24 59 55 66 97 98 22 70 12 27 52
93 77 79 62 42 46 98 83 54 48 26 28 65 83 48 37 79 90 64 43 9 21 49 79 26 76 48 54 92 59 16 95 38 90 60 64 87 86 81 67 91 28 36 47 77 9999 14 80 67 70 65 84 69 67 84 91 9 64 18 40 98 71 35 49 24 27 100 85 20 45
57 88 62 82 16 88 10 43 13 98 72 91 32 83 70 37 88 36 25 46 53 46 75 96 23 76 88 36 69 71 42 100 59 42 51 42 23 31 37 28 80 34 74 38 74 76 9999 15 49 56 10 84 42 55 96 29 63 28 98 100 88 10 10 53 22 45 9 82 30 67
57 93 83 62 18 44 44 93 64 68 31 40 95 59 33 35 38 85 41 58 29 42 32 98 93 57 100 70 77 49 37 26 73 46 27 42 20 44 84 72 60 100 18 35 56 38 27 9999 61 95 14 25 34 44 93 61 65 93 36 26 28 25 46 37 49 40 54 27 69 68
33 53 86 38 25 99 79 13 10 61 100 65 47 75 33 97 100 81 11 14 40 100 55 79 74 19 40 35 11 11 82 98 28 45 57 73 53 96 13 22 25 89 11 26 60 14 18 48 9999 85 35 14 10 99 82 97 59 92 56 74 50 71 31 93 34 91 65 93 52 24
25 20 83 63 93 31 82 55 9 80 88 74 98 65 52 58 21 37 18 85 26 87 37 40 22 73 24 77 57 52 54 17 30 66 29 91 34 91 60 73 48 14 51 74 57 54 43 57 68 9999 42 35 11 30 34 73 81 54 43 91 68 70 99 60 59 56 87 97 99 82
46 41 70 76 84 20 21 81 18 82 90 39 66 18 11 25 37 68 69 59 59 9 72 9 28 62 26 28 76 18 81 75 30 34 15 25 100 25 74 41 12 49 36 13 14 14 23 30 66 61 9999 39 39 35 32 91 59 71 59 98 82 100 16 92 94 71 78 99 91 89
13 40 98 62 73 84 80 50 23 10 53 17 70 35 18 56 63 23 50 49 66 10 42 62 65 68 36 36 100 68 96 89 52 28 13 21 36 78 58 82 17 31 92 100 39 90 52 99 65 29 41 9999 46 91 71 48 56 93 97 15 25 64 26 50 63 10 44 42 40 95
33 49 85 26 34 71 84 67 76 78 57 31 65 54 45 86 43 39 85 55 81 87 43 27 26 44 95 65 42 20 28 29 45 17 80 60 39 51 96 25 56 42 23 28 43 46 92 47 47 53 77 71 9999 23 55 70 70 34 78 9 43 15 58 52 40 85 45 41 32 10
55 80 53 82 29 65 37 48 48 12 66 64 48 10 48 21 91 78 100 35 91 65 82 79 36 72 27 16 95 63 66 79 56 92 54 76 44 33 11 93 80 66 97 43 21 10 61 89 81 58 82 11 45 9999 26 94 22 30 82 100 28 65 97 12 95 88 100 77 70 69
11 32 64 35 12 13 92 46 63 10 63 77 84 78 85 24 72 53 96 30 68 74 36 10 70 82 62 86 77 27 75 17 29 95 23 90 92 90 40 27 16 100 25 15 72 28 22 75 33 45 82 27 20 40 9999 88 93 43 40 60 54 63 33 28 11 21 51 72 82 11
88 15 17 98 55 85 19 80 88 10 12 14 90 67 28 99 42 29 34 31 20 44 12 71 44 9 35 55 89 32 12 9 88 28 84 21 40 66 83 27 51 72 65 52 59 80 79 20 98 26 87 45 67 57 11 9999 90 98 63 17 59 77 18 23 38 14 85 90 28 35
79 87 66 31 55 55 91 33 27 12 45 27 94 34 48 49 28 29 26 77 39 28 93 53 50 98 87 60 78 44 65 69 29 48 62 56 89 20 56 97 48 95 54 19 60 70 37 64 14 93 85 87 41 36 40 92 9999 94 59 97 86 71 10 28 74 100 96 54 59 16
46 74 30 53 44 26 58 92 67 16 96 31 38 59 94 93 92 91 92 78 17 80 56 58 11 78 63 57 95 17 50 70 88 30 54 41 82 15 47 40 39 27 37 76 33 80 15 96 69 94 77 71 47 50 23 41 23 9999 49 14 99 35 70 90 18 92 16 52 47 72
35 56 57 46 65 86 82 89 52 65 73 42 17 34 52 64 19 78 34 63 86 19 18 49 45 37 47 29 72 99 36 86 20 97 94 25 86 21 73 92 13 42 15 10 69 89 90 43 80 99 16 56 38 59 21 87 95 40 9999 81 92 26 67 44 48 49 89 13 35 35
31 59 24 55 95 39 47 95 79 43 91 31 56 50 49 72 62 51 17 100 21 40 22 63 58 16 26 62 17 37 59 99 31 22 46 89 55 80 94 79 90 76 68 89 82 89 73 65 17 71 49 79 21 10 93 76 93 99 92 9999 24 12 29 29 67 50 62 64 83 89
53 72 62 72 12 39 52 84 66 78 92 91 82 51 81 100 36 40 70 79 17 12 60 25 62 21 99 46 96 15 21 47 74 63 41 56 19 66 73 26 50 72 91 35 76 20 43 28 40 89 65 64 72 55 26 15 26 89 58 23 9999 51 14 14 71 16 88 57 63 71
43 70 21 86 30 76 70 79 43 49 66 76 70 68 45 34 26 44 89 23 98 47 92 52 82 32 62 32 56 9 49 23 72 82 57 61 13 82 24 95 91 76 15 69 71 59 83 24 29 93 43 50 73 63 79 50 33 67 99 56 51 9999 20 54 35 46 17 66 64 30
63 59 28 59 45 48 16 25 66 40 50 67 65 22 82 42 99 14 77 31 95 18 20 22 34 18 51 77 54 35 55 46 93 70 70 72 70 74 81 52 83 16 63 72 11 10 51 89 88 45 11 44 55 41 26 87 27 30 21 67 32 73 9999 9 72 87 28 67 82 59
11 39 27 42 96 60 47 20 98 67 57 21 25 26 41 72 28 29 20 76 30 73 33 26 96 57 18 83 73 53 49 26 66 69 49 42 13 41 72 44 46 95 66 16 60 61 74 83 46 26 36 16 13 87 19 81 54 84 97 79 62 97 20 9999 42 48 33 51 63 31
20 77 12 45 65 9 46 91 44 13 63 46 30 36 66 30 65 50 13 54 42 22 53 48 14 10 9 17 76 41 30 57 23 14 83 74 68 51 27 45 99 32 84 35 44 58 70 40 95 27 86 57 95 72 89 19 46 99 45 78 46 99 61 70 9999 94 36 40 58 67
15 39 13 33 12 64 72 84 84 9 11 50 47 9 14 78 21 43 72 77 40 49 72 10 69 84 65 97 19 86 98 9 63 62 15 66 80 63 65 13 73 86 91 23 79 56 31 44 73 26 80 68 37 11 75 38 54 15 54 69 53 80 83 43 60 9999 65 16 51 34
60 69 11 45 55 92 58 27 26 9 16 52 43 47 87 49 76 45 33 58 15 38 14 94 26 82 68 11 62 14 66 89 66 17 69 42 82 71 97 70 55 47 12 69 41 93 15 68 34 97 21 9 87 33 97 16 64 45 76 17 26 31 60 43 100 16 9999 59 36 58
14 60 30 66 57 89 42 33 38 76 79 42 87 39 66 26 18 79 19 61 49 41 61 52 89 87 55 56 65 68 87 93 16 45 27 94 11 62 19 19 93 9 15 15 69 75 92 43 56 23 74 36 80 99 35 62 35 37 29 97 25 21 27 69 50 68 100 9999 42 31
90 52 54 71 53 56 66 42 59 24 55 50 67 68 22 44 34 17 43 52 53 46 18 47 86 49 10 78 59 36 77 98 65 32 86 39 91 22 82 68 88 61 31 67 43 20 31 45 47 39 94 98 46 51 26 65 72 100 28 85 80 68 48 77 86 87 52 57 9999 100
95 34 41 67 12 23 87 23 26 21 50 73 13 79 83 81 43 18 39 98 27 86 92 59 37 76 70 99 12 49 100 64 20 55 70 77 98 86 60 74 66 95 53 14 97 70 74 11 81 69 92 61 93 84 100 18 18 17 52 23 100 95 46 16 31 80 54 48 49 9999
